F|2025-08-03|53
C|532023013|100525|05|precio9|22534.66|0.0000|22534.66|4056.24|26590.90|9|GENERADO|2025-08-03|53|0|0|0.0000
C|532023014|1011809|05|precio9|13076.22|0.0000|13076.22|2353.72|15429.94|53|GENERADO|2025-08-03|53|0|0|0.0000
D|532023013|10010011|12|5.7000|68.4000
D|532023013|10010012|12|5.7000|68.4000
D|532023013|10010031|12|5.7000|68.4000
D|532023013|10010032|24|5.7000|136.8000
D|532023013|10010033|12|5.7000|68.4000
D|532023013|10010041|6|5.7000|34.2000
D|532023013|10010042|12|5.7000|68.4000
D|532023013|10010043|12|5.7000|68.4000
D|532023013|10010261|3|5.7000|17.1000
D|532023013|10010262|12|5.7000|68.4000
D|532023013|10010263|6|5.7000|34.2000
D|532023013|10010291|3|5.7000|17.1000
D|532023013|10010292|12|5.7000|68.4000
D|532023013|10010621|6|5.7000|34.2000
D|532023013|10010622|12|5.7000|68.4000
D|532023013|10010623|12|5.7000|68.4000
D|532023013|10026011|12|5.4800|65.7600
D|532023013|10026031|24|5.4800|131.5200
D|532023013|10026551|12|5.4800|65.7600
D|532023013|10029012|36|7.8500|282.6000
D|532023013|10029013|36|7.8500|282.6000
D|532023013|10029014|24|7.8500|188.4000
D|532023013|10029022|24|7.8500|188.4000
D|532023013|10029023|24|7.8500|188.4000
D|532023013|10029024|12|7.8500|94.2000
D|532023013|10029032|36|7.8500|282.6000
D|532023013|10029033|36|7.8500|282.6000
D|532023013|10029034|24|7.8500|188.4000
D|532023013|10029092|24|7.8500|188.4000
D|532023013|10029093|24|7.8500|188.4000
D|532023013|10029094|12|7.8500|94.2000
D|532023013|10040013|12|6.7500|81.0000
D|532023013|10040031|12|6.7500|81.0000
D|532023013|10040032|12|6.7500|81.0000
D|532023013|10040033|12|6.7500|81.0000
D|532023013|10040071|6|6.7500|40.5000
D|532023013|10040072|12|6.7500|81.0000
D|532023013|10040073|12|6.7500|81.0000
D|532023013|10040221|6|6.7500|40.5000
D|532023013|10040222|12|6.7500|81.0000
D|532023013|10040223|12|6.7500|81.0000
D|532023013|10040261|6|6.7500|40.5000
D|532023013|10040262|12|6.7500|81.0000
D|532023013|10040263|12|6.7500|81.0000
D|532023013|10040551|6|6.7500|40.5000
D|532023013|10040552|12|6.7500|81.0000
D|532023013|10040553|12|6.7500|81.0000
D|532023013|10040621|6|6.7500|40.5000
D|532023013|10040622|12|6.7500|81.0000
D|532023013|10040623|12|6.7500|81.0000
D|532023013|10056013|3|25.1600|75.4800
D|532023013|10056015|3|25.1600|75.4800
D|532023013|10056623|2|25.1600|50.3200
D|532023013|10056626|3|25.1600|75.4800
D|532023013|10056806|2|25.1600|50.3200
D|532023013|10058013|1|23.2200|23.2200
D|532023013|10058014|3|23.2200|69.6600
D|532023013|10060012|24|8.9700|215.2800
D|532023013|10060013|24|8.9700|215.2800
D|532023013|10060022|24|8.9700|215.2800
D|532023013|10060023|24|8.9700|215.2800
D|532023013|10060032|36|8.9700|322.9200
D|532023013|10060033|24|8.9700|215.2800
D|532023013|10060292|24|8.9700|215.2800
D|532023013|10060293|24|8.9700|215.2800
D|532023013|10061011|12|6.2300|74.7600
D|532023013|10061012|12|6.2300|74.7600
D|532023013|10061032|12|6.2300|74.7600
D|532023013|10061033|12|6.2300|74.7600
D|532023013|10061052|12|6.2300|74.7600
D|532023013|10061053|12|6.2300|74.7600
D|532023013|10061072|12|6.2300|74.7600
D|532023013|10061073|12|6.2300|74.7600
D|532023013|10061222|12|6.2300|74.7600
D|532023013|10061223|12|6.2300|74.7600
D|532023013|10061232|12|6.2300|74.7600
D|532023013|10061233|12|6.2300|74.7600
D|532023013|10061261|6|6.2300|37.3800
D|532023013|10061262|12|6.2300|74.7600
D|532023013|10061263|12|6.2300|74.7600
D|532023013|10062013|2|29.1300|58.2600
D|532023013|10062015|2|29.1300|58.2600
D|532023013|10062016|4|29.1300|116.5200
D|532023013|10062034|2|29.1300|58.2600
D|532023013|10062035|4|29.1300|116.5200
D|532023013|10062625|2|29.1300|58.2600
D|532023013|10062803|2|29.1300|58.2600
D|532023013|10062804|2|29.1300|58.2600
D|532023013|10062805|1|29.1300|29.1300
D|532023013|10071014|4|41.0000|164.0000
D|532023013|10071803|1|41.0000|41.0000
D|532023013|10073057|3|19.8300|59.4900
D|532023013|10073557|3|19.8300|59.4900
D|532023013|10112015|4|40.8100|163.2400
D|532023013|10112034|5|40.8100|204.0500
D|532023013|10112035|5|40.8100|204.0500
D|532023013|10112036|2|40.8100|81.6200
D|532023013|10112037|1|40.8100|40.8100
D|532023013|10112804|1|40.8100|40.8100
D|532023013|10112807|3|40.8100|122.4300
D|532023013|10140032|12|6.0600|72.7200
D|532023013|10140551|3|6.0600|18.1800
D|532023013|10140621|6|6.0600|36.3600
D|532023013|10140622|12|6.0600|72.7200
D|532023013|10140623|6|6.0600|36.3600
D|532023013|10152124|3|39.4900|118.4700
D|532023013|10152626|1|39.4900|39.4900
D|532023013|10155033|1|43.2900|43.2900
D|532023013|10155434|4|43.2900|173.1600
D|532023013|10155436|3|43.2900|129.8700
D|532023013|10155805|2|43.2900|86.5800
D|532023013|10156012|12|8.0300|96.3600
D|532023013|10156032|24|8.0300|192.7200
D|532023013|10156432|12|8.0300|96.3600
D|532023013|10156802|12|8.0300|96.3600
D|532023013|10165014|3|48.9400|146.8200
D|532023013|10165037|6|48.9400|293.6400
D|532023013|10204034|2|27.7500|55.5000
D|532023013|10204035|6|27.7500|166.5000
D|532023013|10204564|2|27.7500|55.5000
D|532023013|10204663|2|27.7500|55.5000
D|532023013|10204664|1|27.7500|27.7500
D|532023013|10218035|2|32.1900|64.3800
D|532023013|10219031|12|7.1000|85.2000
D|532023013|10219032|12|7.1000|85.2000
D|532023013|10219033|12|7.1000|85.2000
D|532023013|10219212|3|7.1000|21.3000
D|532023013|10222804|2|30.2600|60.5200
D|532023013|10222806|2|30.2600|60.5200
D|532023013|10272035|2|28.8600|57.7200
D|532023013|10272036|3|28.8600|86.5800
D|532023013|10272045|2|28.8600|57.7200
D|532023013|10272435|1|28.8600|28.8600
D|532023013|10272436|2|28.8600|57.7200
D|532023013|10273012|12|7.9400|95.2800
D|532023013|10273032|12|7.9400|95.2800
D|532023013|10273043|12|7.9400|95.2800
D|532023013|10273432|6|7.9400|47.6400
D|532023013|10273433|6|7.9400|47.6400
D|532023013|10273552|6|7.9400|47.6400
D|532023013|10290015|2|28.4600|56.9200
D|532023013|10290016|2|28.4600|56.9200
D|532023013|10290034|2|28.4600|56.9200
D|532023013|10290035|1|28.4600|28.4600
D|532023013|10290036|1|28.4600|28.4600
D|532023013|10290804|2|28.4600|56.9200
D|532023013|10290805|1|28.4600|28.4600
D|532023013|10290806|1|28.4600|28.4600
D|532023013|10294014|3|43.2900|129.8700
D|532023013|10294034|6|43.2900|259.7400
D|532023013|10294554|2|43.2900|86.5800
D|532023013|10297034|2|27.7500|55.5000
D|532023013|10297035|2|27.7500|55.5000
D|532023013|10297555|4|27.7500|111.0000
D|532023013|10303013|1|29.3100|29.3100
D|532023013|10303093|1|29.3100|29.3100
D|532023013|10303094|1|29.3100|29.3100
D|532023013|10303623|1|29.3100|29.3100
D|532023013|10306122|3|8.4000|25.2000
D|532023013|10306123|3|8.4000|25.2000
D|532023013|10306801|3|8.4000|25.2000
D|532023013|10306802|3|8.4000|25.2000
D|532023013|10306803|6|8.4000|50.4000
D|532023013|10306811|6|8.4000|50.4000
D|532023013|10306812|12|8.4000|100.8000
D|532023013|10306813|12|8.4000|100.8000
D|532023013|10307035|3|29.8800|89.6400
D|532023013|10307036|2|29.8800|59.7600
D|532023013|10307125|2|29.8800|59.7600
D|532023013|10307126|2|29.8800|59.7600
D|532023013|10307804|1|29.8800|29.8800
D|532023013|10307806|1|29.8800|29.8800
D|532023013|10311033|3|57.4600|172.3800
D|532023013|10311034|3|57.4600|172.3800
D|532023013|10311622|3|57.4600|172.3800
D|532023013|10311623|3|57.4600|172.3800
D|532023013|10311624|3|57.4600|172.3800
D|532023013|10329012|12|9.4500|113.4000
D|532023013|10329091|6|9.4500|56.7000
D|532023013|10329092|6|9.4500|56.7000
D|532023013|10329093|6|9.4500|56.7000
D|532023013|10329121|6|9.4500|56.7000
D|532023013|10329122|6|9.4500|56.7000
D|532023013|10329123|6|9.4500|56.7000
D|532023013|10335013|2|34.7500|69.5000
D|532023013|10335014|3|34.7500|104.2500
D|532023013|10335015|3|34.7500|104.2500
D|532023013|10335033|2|34.7500|69.5000
D|532023013|10335034|3|34.7500|104.2500
D|532023013|10335035|3|34.7500|104.2500
D|532023013|10335803|2|34.7500|69.5000
D|532023013|10335804|3|34.7500|104.2500
D|532023013|10335805|3|34.7500|104.2500
D|532023013|10337013|2|27.8600|55.7200
D|532023013|10337036|2|27.8600|55.7200
D|532023013|10337803|1|27.8600|27.8600
D|532023013|10337806|1|27.8600|27.8600
D|532023013|10337816|1|27.8600|27.8600
D|532023013|10339031|2|39.2600|78.5200
D|532023013|10339032|3|39.2600|117.7800
D|532023013|10339033|3|39.2600|117.7800
D|532023013|10339034|2|39.2600|78.5200
D|532023013|10339621|2|39.2600|78.5200
D|532023013|10339622|3|39.2600|117.7800
D|532023013|10339623|3|39.2600|117.7800
D|532023013|10339624|2|39.2600|78.5200
D|532023013|10346035|2|33.3300|66.6600
D|532023013|10346036|1|33.3300|33.3300
D|532023013|10346625|2|33.3300|66.6600
D|532023013|10359017|2|38.9800|77.9600
D|532023013|10359036|3|38.9800|116.9400
D|532023013|10359037|6|38.9800|233.8800
D|532023013|10359626|2|38.9800|77.9600
D|532023013|10359627|5|38.9800|194.9000
D|532023013|10359806|1|38.9800|38.9800
D|532023013|10359807|1|38.9800|38.9800
D|532023013|10360015|2|28.8100|57.6200
D|532023013|10367011|3|10.2400|30.7200
D|532023013|10367012|6|10.2400|61.4400
D|532023013|10367013|6|10.2400|61.4400
D|532023013|10367014|3|10.2400|30.7200
D|532023013|10367031|3|10.2400|30.7200
D|532023013|10367032|6|10.2400|61.4400
D|532023013|10367033|6|10.2400|61.4400
D|532023013|10367034|3|10.2400|30.7200
D|532023013|10367551|3|10.2400|30.7200
D|532023013|10367552|6|10.2400|61.4400
D|532023013|10367553|6|10.2400|61.4400
D|532023013|10367554|3|10.2400|30.7200
D|532023013|10367621|3|10.2400|30.7200
D|532023013|10367622|6|10.2400|61.4400
D|532023013|10367623|6|10.2400|61.4400
D|532023013|10367624|3|10.2400|30.7200
D|532023013|10372014|2|31.7800|63.5600
D|532023013|10372015|3|31.7800|95.3400
D|532023013|10372016|3|31.7800|95.3400
D|532023013|10372017|2|31.7800|63.5600
D|532023013|10372034|2|31.7800|63.5600
D|532023013|10372035|3|31.7800|95.3400
D|532023013|10372036|3|31.7800|95.3400
D|532023013|10372037|2|31.7800|63.5600
D|532023013|10372624|2|31.7800|63.5600
D|532023013|10372625|3|31.7800|95.3400
D|532023013|10372626|3|31.7800|95.3400
D|532023013|10372627|2|31.7800|63.5600
D|532023013|10382131|3|8.9700|26.9100
D|532023013|10382132|6|8.9700|53.8200
D|532023013|10382133|6|8.9700|53.8200
D|532023013|10382161|3|8.9700|26.9100
D|532023013|10382162|6|8.9700|53.8200
D|532023013|10382163|6|8.9700|53.8200
D|532023013|10382371|3|8.9700|26.9100
D|532023013|10382372|6|8.9700|53.8200
D|532023013|10382373|6|8.9700|53.8200
D|532023013|10382381|3|8.9700|26.9100
D|532023013|10382382|6|8.9700|53.8200
D|532023013|10382383|6|8.9700|53.8200
D|532023013|10382391|3|8.9700|26.9100
D|532023013|10382392|6|8.9700|53.8200
D|532023013|10382393|6|8.9700|53.8200
D|532023013|10384132|6|9.6800|58.0800
D|532023013|10384133|6|9.6800|58.0800
D|532023013|10384134|3|9.6800|29.0400
D|532023013|10384162|6|9.6800|58.0800
D|532023013|10384163|6|9.6800|58.0800
D|532023013|10384164|3|9.6800|29.0400
D|532023013|10384372|6|9.6800|58.0800
D|532023013|10384373|6|9.6800|58.0800
D|532023013|10384374|3|9.6800|29.0400
D|532023013|10384382|6|9.6800|58.0800
D|532023013|10384383|6|9.6800|58.0800
D|532023013|10384384|3|9.6800|29.0400
D|532023013|10384392|6|9.6800|58.0800
D|532023013|10384393|6|9.6800|58.0800
D|532023013|10384394|3|9.6800|29.0400
D|532023014|10026011|10|5.4800|54.8000
D|532023014|10026012|10|5.4800|54.8000
D|532023014|10026013|4|5.4800|21.9200
D|532023014|10026021|6|5.4800|32.8800
D|532023014|10026022|6|5.4800|32.8800
D|532023014|10026031|10|5.4800|54.8000
D|532023014|10026032|10|5.4800|54.8000
D|532023014|10026033|4|5.4800|21.9200
D|532023014|10026101|6|5.4800|32.8800
D|532023014|10026102|6|5.4800|32.8800
D|532023014|10026221|6|5.4800|32.8800
D|532023014|10026222|6|5.4800|32.8800
D|532023014|10026801|6|5.4800|32.8800
D|532023014|10026802|6|5.4800|32.8800
D|532023014|10054013|2|25.1600|50.3200
D|532023014|10054014|6|25.1600|150.9600
D|532023014|10054033|8|25.1600|201.2800
D|532023014|10054034|10|25.1600|251.6000
D|532023014|10054623|6|25.1600|150.9600
D|532023014|10054624|8|25.1600|201.2800
D|532023014|10056034|10|25.1600|251.6000
D|532023014|10056624|10|25.1600|251.6000
D|532023014|10058013|6|23.2200|139.3200
D|532023014|10058033|3|23.2200|69.6600
D|532023014|10058034|4|23.2200|92.8800
D|532023014|10062014|4|29.1300|116.5200
D|532023014|10062033|6|29.1300|174.7800
D|532023014|10062034|6|29.1300|174.7800
D|532023014|10062035|8|29.1300|233.0400
D|532023014|10062623|6|29.1300|174.7800
D|532023014|10062624|6|29.1300|174.7800
D|532023014|10062625|6|29.1300|174.7800
D|532023014|10112015|8|40.8100|326.4800
D|532023014|10112016|3|40.8100|122.4300
D|532023014|10112034|6|40.8100|244.8600
D|532023014|10112035|12|40.8100|489.7200
D|532023014|10112036|10|40.8100|408.1000
D|532023014|10112625|10|40.8100|408.1000
D|532023014|10112626|10|40.8100|408.1000
D|532023014|10165036|8|48.9400|391.5200
D|532023014|10165037|8|48.9400|391.5200
D|532023014|10165626|8|48.9400|391.5200
D|532023014|10165627|8|48.9400|391.5200
D|532023014|10203013|8|7.0300|56.2400
D|532023014|10203032|10|7.0300|70.3000
D|532023014|10203033|10|7.0300|70.3000
D|532023014|10203562|8|7.0300|56.2400
D|532023014|10203563|6|7.0300|42.1800
D|532023014|10203652|6|7.0300|42.1800
D|532023014|10203653|6|7.0300|42.1800
D|532023014|10203662|8|7.0300|56.2400
D|532023014|10206021|3|50.5500|151.6500
D|532023014|10206022|3|50.5500|151.6500
D|532023014|10206023|3|50.5500|151.6500
D|532023014|10206031|8|50.5500|404.4000
D|532023014|10206032|6|50.5500|303.3000
D|532023014|10206033|6|50.5500|303.3000
D|532023014|10251561|8|7.6800|61.4400
D|532023014|10251562|10|7.6800|76.8000
D|532023014|10251563|8|7.6800|61.4400
D|532023014|10251641|8|7.6800|61.4400
D|532023014|10251642|10|7.6800|76.8000
D|532023014|10251643|8|7.6800|61.4400
D|532023014|10251651|6|7.6800|46.0800
D|532023014|10251652|10|7.6800|76.8000
D|532023014|10251653|8|7.6800|61.4400
D|532023014|10251661|8|7.6800|61.4400
D|532023014|10251662|10|7.6800|76.8000
D|532023014|10251663|8|7.6800|61.4400
D|532023014|10273011|8|7.9400|63.5200
D|532023014|10273012|8|7.9400|63.5200
D|532023014|10273013|8|7.9400|63.5200
D|532023014|10273031|8|7.9400|63.5200
D|532023014|10273032|10|7.9400|79.4000
D|532023014|10273033|10|7.9400|79.4000
D|532023014|10273041|8|7.9400|63.5200
D|532023014|10273042|8|7.9400|63.5200
D|532023014|10273043|8|7.9400|63.5200
D|532023014|10273431|8|7.9400|63.5200
D|532023014|10273432|8|7.9400|63.5200
D|532023014|10273433|8|7.9400|63.5200
D|532023014|10273551|8|7.9400|63.5200
D|532023014|10273552|8|7.9400|63.5200
D|532023014|10273553|8|7.9400|63.5200
D|532023014|10276012|6|7.4900|44.9400
D|532023014|10276013|8|7.4900|59.9200
D|532023014|10276032|8|7.4900|59.9200
D|532023014|10276033|8|7.4900|59.9200
D|532023014|10276092|6|7.4900|44.9400
D|532023014|10276093|6|7.4900|44.9400
D|532023014|10276622|6|7.4900|44.9400
D|532023014|10276623|8|7.4900|59.9200
D|532023014|10298012|10|8.3100|83.1000
D|532023014|10298013|6|8.3100|49.8600
D|532023014|10298032|10|8.3100|83.1000
D|532023014|10298033|6|8.3100|49.8600
D|532023014|10298552|10|8.3100|83.1000
D|532023014|10298553|6|8.3100|49.8600
D|532023014|10298812|8|8.3100|66.4800
D|532023014|10298813|4|8.3100|33.2400
D|532023014|10299015|2|41.4600|82.9200
D|532023014|10299033|3|41.4600|124.3800
D|532023014|10299034|6|41.4600|248.7600
D|532023014|10299035|6|41.4600|248.7600
D|532023014|10299554|2|41.4600|82.9200
D|532023014|10299555|2|41.4600|82.9200
D|532023014|10299556|2|41.4600|82.9200