F|2026-07-14|53
C|532023690|101583|05|precio9|9156.87|0.0000|9156.87|1648.24|10805.11|1|GENERADO|2026-07-14|53|0|0|0.0000
C|532023691|1012767|05|precio9|34834.89|0.0000|34834.89|6270.28|41105.17|12|GENERADO|2026-07-14|53|0|0|0.0000
C|532023692|101627|05|precio9|32503.40|0.0000|32503.40|5850.61|38354.01|25|GENERADO|2026-07-14|53|0|0|0.0000
D|532023690|10010011|2|5.7000|11.4000
D|532023690|10010031|2|5.7000|11.4000
D|532023690|10010032|2|5.7000|11.4000
D|532023690|10010041|1|5.7000|5.7000
D|532023690|10010042|2|5.7000|11.4000
D|532023690|10010043|1|5.7000|5.7000
D|532023690|10010261|1|5.7000|5.7000
D|532023690|10010262|1|5.7000|5.7000
D|532023690|10010263|1|5.7000|5.7000
D|532023690|10010291|1|5.7000|5.7000
D|532023690|10010293|1|5.7000|5.7000
D|532023690|10010621|1|5.7000|5.7000
D|532023690|10010622|1|5.7000|5.7000
D|532023690|10026012|3|5.4800|16.4400
D|532023690|10026013|1|5.4800|5.4800
D|532023690|10026022|2|5.4800|10.9600
D|532023690|10026023|2|5.4800|10.9600
D|532023690|10026031|1|5.4800|5.4800
D|532023690|10026032|2|5.4800|10.9600
D|532023690|10026101|1|5.4800|5.4800
D|532023690|10026471|2|5.4800|10.9600
D|532023690|10026472|2|5.4800|10.9600
D|532023690|10026473|2|5.4800|10.9600
D|532023690|10026551|1|5.4800|5.4800
D|532023690|10026553|2|5.4800|10.9600
D|532023690|10026621|2|5.4800|10.9600
D|532023690|10026622|2|5.4800|10.9600
D|532023690|10026623|2|5.4800|10.9600
D|532023690|10026801|2|5.4800|10.9600
D|532023690|10029011|1|7.8500|7.8500
D|532023690|10029012|3|7.8500|23.5500
D|532023690|10029013|1|7.8500|7.8500
D|532023690|10029014|3|7.8500|23.5500
D|532023690|10029022|2|7.8500|15.7000
D|532023690|10029023|2|7.8500|15.7000
D|532023690|10029024|1|7.8500|7.8500
D|532023690|10029031|1|7.8500|7.8500
D|532023690|10029032|2|7.8500|15.7000
D|532023690|10029091|1|7.8500|7.8500
D|532023690|10029093|2|7.8500|15.7000
D|532023690|10029451|1|7.8500|7.8500
D|532023690|10029452|2|7.8500|15.7000
D|532023690|10029453|2|7.8500|15.7000
D|532023690|10029454|2|7.8500|15.7000
D|532023690|10040031|1|6.7500|6.7500
D|532023690|10040102|1|6.7500|6.7500
D|532023690|10040471|1|6.7500|6.7500
D|532023690|10040472|2|6.7500|13.5000
D|532023690|10040473|1|6.7500|6.7500
D|532023690|10040553|1|6.7500|6.7500
D|532023690|10041011|2|6.6700|13.3400
D|532023690|10041022|1|6.6700|6.6700
D|532023690|10041031|1|6.6700|6.6700
D|532023690|10041032|2|6.6700|13.3400
D|532023690|10041033|2|6.6700|13.3400
D|532023690|10041091|1|6.6700|6.6700
D|532023690|10041092|1|6.6700|6.6700
D|532023690|10041094|1|6.6700|6.6700
D|532023690|10041101|1|6.6700|6.6700
D|532023690|10041102|1|6.6700|6.6700
D|532023690|10041801|1|6.6700|6.6700
D|532023690|10041802|1|6.6700|6.6700
D|532023690|10041803|1|6.6700|6.6700
D|532023690|10041804|1|6.6700|6.6700
D|532023690|10044014|1|21.3500|21.3500
D|532023690|10044024|1|21.3500|21.3500
D|532023690|10044025|1|21.3500|21.3500
D|532023690|10044027|1|21.3500|21.3500
D|532023690|10044034|1|21.3500|21.3500
D|532023690|10044035|1|21.3500|21.3500
D|532023690|10051032|2|5.9700|11.9400
D|532023690|10051662|1|5.9700|5.9700
D|532023690|10054014|1|25.1600|25.1600
D|532023690|10054015|1|25.1600|25.1600
D|532023690|10054034|1|25.1600|25.1600
D|532023690|10054035|1|25.1600|25.1600
D|532023690|10054474|1|25.1600|25.1600
D|532023690|10054475|1|25.1600|25.1600
D|532023690|10054554|1|25.1600|25.1600
D|532023690|10054555|1|25.1600|25.1600
D|532023690|10054624|1|25.1600|25.1600
D|532023690|10054625|1|25.1600|25.1600
D|532023690|10054804|1|25.1600|25.1600
D|532023690|10054805|1|25.1600|25.1600
D|532023690|10060012|1|8.9700|8.9700
D|532023690|10060013|2|8.9700|17.9400
D|532023690|10060022|3|8.9700|26.9100
D|532023690|10060023|3|8.9700|26.9100
D|532023690|10060033|3|8.9700|26.9100
D|532023690|10060034|2|8.9700|17.9400
D|532023690|10060291|2|8.9700|17.9400
D|532023690|10060292|3|8.9700|26.9100
D|532023690|10060451|2|8.9700|17.9400
D|532023690|10060452|2|8.9700|17.9400
D|532023690|10060453|2|8.9700|17.9400
D|532023690|10060454|2|8.9700|17.9400
D|532023690|10062034|1|29.1300|29.1300
D|532023690|10064011|1|6.5400|6.5400
D|532023690|10064012|2|6.5400|13.0800
D|532023690|10064101|1|6.5400|6.5400
D|532023690|10064222|2|6.5400|13.0800
D|532023690|10064262|1|6.5400|6.5400
D|532023690|10064622|2|6.5400|13.0800
D|532023690|10064801|1|6.5400|6.5400
D|532023690|10064802|2|6.5400|13.0800
D|532023690|10069012|3|7.9400|23.8200
D|532023690|10069031|3|7.9400|23.8200
D|532023690|10069032|3|7.9400|23.8200
D|532023690|10069101|2|7.9400|15.8800
D|532023690|10069102|2|7.9400|15.8800
D|532023690|10069103|2|7.9400|15.8800
D|532023690|10069211|1|7.9400|7.9400
D|532023690|10069212|2|7.9400|15.8800
D|532023690|10069471|2|7.9400|15.8800
D|532023690|10069472|2|7.9400|15.8800
D|532023690|10069473|2|7.9400|15.8800
D|532023690|10069552|2|7.9400|15.8800
D|532023690|10069621|2|7.9400|15.8800
D|532023690|10069622|1|7.9400|7.9400
D|532023690|10071015|1|41.0000|41.0000
D|532023690|10071016|1|41.0000|41.0000
D|532023690|10071035|1|41.0000|41.0000
D|532023690|10071036|1|41.0000|41.0000
D|532023690|10071105|1|41.0000|41.0000
D|532023690|10071106|1|41.0000|41.0000
D|532023690|10071435|1|41.0000|41.0000
D|532023690|10071436|1|41.0000|41.0000
D|532023690|10071805|1|41.0000|41.0000
D|532023690|10071806|1|41.0000|41.0000
D|532023690|10112014|1|40.8100|40.8100
D|532023690|10112016|1|40.8100|40.8100
D|532023690|10112017|1|40.8100|40.8100
D|532023690|10112034|1|40.8100|40.8100
D|532023690|10112035|1|40.8100|40.8100
D|532023690|10112036|1|40.8100|40.8100
D|532023690|10112624|1|40.8100|40.8100
D|532023690|10112625|1|40.8100|40.8100
D|532023690|10112627|1|40.8100|40.8100
D|532023690|10112804|1|40.8100|40.8100
D|532023690|10112805|1|40.8100|40.8100
D|532023690|10112806|1|40.8100|40.8100
D|532023690|10112807|1|40.8100|40.8100
D|532023690|10116036|1|21.7000|21.7000
D|532023690|10116804|1|21.7000|21.7000
D|532023690|10116805|1|21.7000|21.7000
D|532023690|10116806|1|21.7000|21.7000
D|532023690|10116807|1|21.7000|21.7000
D|532023690|10116808|1|21.7000|21.7000
D|532023690|10165014|1|48.9400|48.9400
D|532023690|10165034|1|48.9400|48.9400
D|532023690|10165035|1|48.9400|48.9400
D|532023690|10165036|1|48.9400|48.9400
D|532023690|10185011|3|7.2800|21.8400
D|532023690|10185012|3|7.2800|21.8400
D|532023690|10185013|1|7.2800|7.2800
D|532023690|10185042|3|7.2800|21.8400
D|532023690|10185091|3|7.2800|21.8400
D|532023690|10185092|2|7.2800|14.5600
D|532023690|10185122|3|7.2800|21.8400
D|532023690|10186014|1|32.0200|32.0200
D|532023690|10186043|1|32.0200|32.0200
D|532023690|10186044|1|32.0200|32.0200
D|532023690|10186045|1|32.0200|32.0200
D|532023690|10186046|1|32.0200|32.0200
D|532023690|10186093|1|32.0200|32.0200
D|532023690|10186094|1|32.0200|32.0200
D|532023690|10186095|1|32.0200|32.0200
D|532023690|10186096|1|32.0200|32.0200
D|532023690|10186124|1|32.0200|32.0200
D|532023690|10201011|1|7.1900|7.1900
D|532023690|10201012|1|7.1900|7.1900
D|532023690|10201041|2|7.1900|14.3800
D|532023690|10201042|3|7.1900|21.5700
D|532023690|10201091|3|7.1900|21.5700
D|532023690|10201092|3|7.1900|21.5700
D|532023690|10201093|2|7.1900|14.3800
D|532023690|10201122|3|7.1900|21.5700
D|532023690|10202014|1|29.1400|29.1400
D|532023690|10202016|1|29.1400|29.1400
D|532023690|10202044|1|29.1400|29.1400
D|532023690|10202045|1|29.1400|29.1400
D|532023690|10202093|1|29.1400|29.1400
D|532023690|10202094|1|29.1400|29.1400
D|532023690|10202095|1|29.1400|29.1400
D|532023690|10202096|1|29.1400|29.1400
D|532023690|10202124|1|29.1400|29.1400
D|532023690|10202125|1|29.1400|29.1400
D|532023690|10203011|1|7.0300|7.0300
D|532023690|10203031|2|7.0300|14.0600
D|532023690|10203561|2|7.0300|14.0600
D|532023690|10203562|1|7.0300|7.0300
D|532023690|10203563|1|7.0300|7.0300
D|532023690|10203662|1|7.0300|7.0300
D|532023690|10219012|1|7.1000|7.1000
D|532023690|10219013|2|7.1000|14.2000
D|532023690|10219031|1|7.1000|7.1000
D|532023690|10219032|3|7.1000|21.3000
D|532023690|10219211|3|7.1000|21.3000
D|532023690|10219213|2|7.1000|14.2000
D|532023690|10219551|3|7.1000|21.3000
D|532023690|10219552|2|7.1000|14.2000
D|532023690|10219553|2|7.1000|14.2000
D|532023690|10222015|1|30.2600|30.2600
D|532023690|10222435|1|30.2600|30.2600
D|532023690|10222436|1|30.2600|30.2600
D|532023690|10222553|1|30.2600|30.2600
D|532023690|10223011|1|7.2100|7.2100
D|532023690|10223031|1|7.2100|7.2100
D|532023690|10223032|3|7.2100|21.6300
D|532023690|10223033|3|7.2100|21.6300
D|532023690|10223431|1|7.2100|7.2100
D|532023690|10223432|2|7.2100|14.4200
D|532023690|10223551|1|7.2100|7.2100
D|532023690|10223552|2|7.2100|14.4200
D|532023690|10223553|2|7.2100|14.4200
D|532023690|10223801|2|7.2100|14.4200
D|532023690|10223802|2|7.2100|14.4200
D|532023690|10224213|1|26.9000|26.9000
D|532023690|10224214|1|26.9000|26.9000
D|532023690|10224215|1|26.9000|26.9000
D|532023690|10224216|1|26.9000|26.9000
D|532023690|10224336|1|26.9000|26.9000
D|532023690|10225211|2|7.3100|14.6200
D|532023690|10225212|2|7.3100|14.6200
D|532023690|10225231|2|7.3100|14.6200
D|532023690|10225261|2|7.3100|14.6200
D|532023690|10225333|2|7.3100|14.6200
D|532023690|10230031|1|16.6000|16.6000
D|532023690|10230032|2|16.6000|33.2000
D|532023690|10251561|3|7.6800|23.0400
D|532023690|10251562|3|7.6800|23.0400
D|532023690|10251563|2|7.6800|15.3600
D|532023690|10251641|3|7.6800|23.0400
D|532023690|10251642|2|7.6800|15.3600
D|532023690|10251651|3|7.6800|23.0400
D|532023690|10251652|3|7.6800|23.0400
D|532023690|10251662|3|7.6800|23.0400
D|532023690|10251663|2|7.6800|15.3600
D|532023690|10253011|3|7.7500|23.2500
D|532023690|10253012|3|7.7500|23.2500
D|532023690|10253031|3|7.7500|23.2500
D|532023690|10253032|3|7.7500|23.2500
D|532023690|10253091|2|7.7500|15.5000
D|532023690|10253092|2|7.7500|15.5000
D|532023690|10253601|2|7.7500|15.5000
D|532023690|10253602|2|7.7500|15.5000
D|532023690|10253621|2|7.7500|15.5000
D|532023690|10253622|2|7.7500|15.5000
D|532023690|10260012|2|11.2100|22.4200
D|532023690|10260013|2|11.2100|22.4200
D|532023690|10260014|2|11.2100|22.4200
D|532023690|10260602|2|11.2100|22.4200
D|532023690|10260603|2|11.2100|22.4200
D|532023690|10260604|2|11.2100|22.4200
D|532023690|10260622|2|11.2100|22.4200
D|532023690|10260623|2|11.2100|22.4200
D|532023690|10260624|2|11.2100|22.4200
D|532023690|10273011|2|7.9400|15.8800
D|532023690|10273013|1|7.9400|7.9400
D|532023690|10273031|3|7.9400|23.8200
D|532023690|10273032|2|7.9400|15.8800
D|532023690|10273041|2|7.9400|15.8800
D|532023690|10273042|2|7.9400|15.8800
D|532023690|10273431|2|7.9400|15.8800
D|532023690|10273432|2|7.9400|15.8800
D|532023690|10273433|1|7.9400|7.9400
D|532023690|10273551|2|7.9400|15.8800
D|532023690|10273553|2|7.9400|15.8800
D|532023690|10276012|1|7.4900|7.4900
D|532023690|10276014|1|7.4900|7.4900
D|532023690|10276031|1|7.4900|7.4900
D|532023690|10276033|2|7.4900|14.9800
D|532023690|10276091|1|7.4900|7.4900
D|532023690|10276092|1|7.4900|7.4900
D|532023690|10276094|1|7.4900|7.4900
D|532023690|10276622|1|7.4900|7.4900
D|532023690|10288012|3|8.3200|24.9600
D|532023690|10288031|2|8.3200|16.6400
D|532023690|10288032|3|8.3200|24.9600
D|532023690|10288431|2|8.3200|16.6400
D|532023690|10288552|2|8.3200|16.6400
D|532023690|10288621|2|8.3200|16.6400
D|532023690|10288622|2|8.3200|16.6400
D|532023690|10288623|2|8.3200|16.6400
D|532023690|10288802|2|8.3200|16.6400
D|532023690|10290015|1|28.4600|28.4600
D|532023690|10290016|1|28.4600|28.4600
D|532023690|10290034|1|28.4600|28.4600
D|532023690|10290035|1|28.4600|28.4600
D|532023690|10290036|1|28.4600|28.4600
D|532023690|10290804|1|28.4600|28.4600
D|532023690|10290805|1|28.4600|28.4600
D|532023690|10290806|1|28.4600|28.4600
D|532023690|10290813|1|28.4600|28.4600
D|532023690|10290814|1|28.4600|28.4600
D|532023690|10290815|1|28.4600|28.4600
D|532023690|10290816|1|28.4600|28.4600
D|532023690|10291012|1|11.7400|11.7400
D|532023690|10291032|3|11.7400|35.2200
D|532023690|10291801|2|11.7400|23.4800
D|532023690|10291802|3|11.7400|35.2200
D|532023690|10293011|3|8.6800|26.0400
D|532023690|10293031|3|8.6800|26.0400
D|532023690|10293032|2|8.6800|17.3600
D|532023690|10293553|3|8.6800|26.0400
D|532023690|10293621|2|8.6800|17.3600
D|532023690|10293622|2|8.6800|17.3600
D|532023690|10293623|2|8.6800|17.3600
D|532023690|10293812|3|8.6800|26.0400
D|532023690|10293813|2|8.6800|17.3600
D|532023690|10294034|1|43.2900|43.2900
D|532023690|10295013|1|6.8800|6.8800
D|532023690|10295031|2|6.8800|13.7600
D|532023690|10295032|2|6.8800|13.7600
D|532023690|10295033|2|6.8800|13.7600
D|532023690|10295102|2|6.8800|13.7600
D|532023690|10295103|3|6.8800|20.6400
D|532023690|10295801|2|6.8800|13.7600
D|532023690|10295802|2|6.8800|13.7600
D|532023690|10296031|3|8.8500|26.5500
D|532023690|10296032|3|8.8500|26.5500
D|532023690|10296102|2|8.8500|17.7000
D|532023690|10296441|1|8.8500|8.8500
D|532023690|10296442|1|8.8500|8.8500
D|532023690|10296471|2|8.8500|17.7000
D|532023690|10296472|2|8.8500|17.7000
D|532023690|10296473|2|8.8500|17.7000
D|532023690|10296551|1|8.8500|8.8500
D|532023690|10296552|2|8.8500|17.7000
D|532023690|10296801|2|8.8500|17.7000
D|532023690|10296802|2|8.8500|17.7000
D|532023690|10297034|1|27.7500|27.7500
D|532023690|10297035|1|27.7500|27.7500
D|532023690|10297103|2|27.7500|55.5000
D|532023690|10297104|2|27.7500|55.5000
D|532023690|10297105|2|27.7500|55.5000
D|532023690|10297443|1|27.7500|27.7500
D|532023690|10297444|1|27.7500|27.7500
D|532023690|10297445|1|27.7500|27.7500
D|532023690|10297473|2|27.7500|55.5000
D|532023690|10297474|2|27.7500|55.5000
D|532023690|10297475|2|27.7500|55.5000
D|532023690|10297553|1|27.7500|27.7500
D|532023690|10297805|1|27.7500|27.7500
D|532023690|10298012|2|8.3100|16.6200
D|532023690|10298031|1|8.3100|8.3100
D|532023690|10298551|3|8.3100|24.9300
D|532023690|10298552|3|8.3100|24.9300
D|532023690|10298553|2|8.3100|16.6200
D|532023690|10298812|3|8.3100|24.9300
D|532023690|10300011|2|12.0100|24.0200
D|532023690|10300621|2|12.0100|24.0200
D|532023690|10300622|2|12.0100|24.0200
D|532023690|10300623|2|12.0100|24.0200
D|532023690|10300801|3|12.0100|36.0300
D|532023690|10304013|1|8.9700|8.9700
D|532023690|10304092|4|8.9700|35.8800
D|532023690|10304622|3|8.9700|26.9100
D|532023690|10306032|1|8.4000|8.4000
D|532023690|10306033|1|8.4000|8.4000
D|532023690|10306121|2|8.4000|16.8000
D|532023690|10306122|2|8.4000|16.8000
D|532023690|10306601|2|8.4000|16.8000
D|532023690|10306602|1|8.4000|8.4000
D|532023690|10306801|2|8.4000|16.8000
D|532023690|10306802|2|8.4000|16.8000
D|532023690|10306803|1|8.4000|8.4000
D|532023690|10306812|2|8.4000|16.8000
D|532023690|10306813|1|8.4000|8.4000
D|532023690|10313031|1|8.6200|8.6200
D|532023690|10313032|3|8.6200|25.8600
D|532023690|10313122|2|8.6200|17.2400
D|532023690|10313123|2|8.6200|17.2400
D|532023690|10313602|2|8.6200|17.2400
D|532023690|10313603|2|8.6200|17.2400
D|532023690|10313802|2|8.6200|17.2400
D|532023690|10313803|2|8.6200|17.2400
D|532023690|10314031|2|8.1400|16.2800
D|532023690|10314032|2|8.1400|16.2800
D|532023690|10314121|2|8.1400|16.2800
D|532023690|10314122|3|8.1400|24.4200
D|532023690|10314601|2|8.1400|16.2800
D|532023690|10314602|3|8.1400|24.4200
D|532023690|10314801|2|8.1400|16.2800
D|532023690|10314802|3|8.1400|24.4200
D|532023690|10315011|1|10.3800|10.3800
D|532023690|10315012|1|10.3800|10.3800
D|532023690|10315013|2|10.3800|20.7600
D|532023690|10315031|2|10.3800|20.7600
D|532023690|10315032|2|10.3800|20.7600
D|532023690|10315033|2|10.3800|20.7600
D|532023690|10315622|1|10.3800|10.3800
D|532023690|10315801|2|10.3800|20.7600
D|532023690|10315802|2|10.3800|20.7600
D|532023690|10315803|1|10.3800|10.3800
D|532023690|10327562|2|8.4000|16.8000
D|532023690|10327662|2|8.4000|16.8000
D|532023690|10336011|3|9.0400|27.1200
D|532023690|10336032|3|9.0400|27.1200
D|532023690|10336802|3|9.0400|27.1200
D|532023690|10340011|1|11.0200|11.0200
D|532023690|10340012|1|11.0200|11.0200
D|532023690|10340013|1|11.0200|11.0200
D|532023690|10340031|1|11.0200|11.0200
D|532023690|10340032|1|11.0200|11.0200
D|532023690|10340033|1|11.0200|11.0200
D|532023690|10340621|1|11.0200|11.0200
D|532023690|10340622|1|11.0200|11.0200
D|532023690|10340623|1|11.0200|11.0200
D|532023690|10340801|1|11.0200|11.0200
D|532023690|10340802|1|11.0200|11.0200
D|532023690|10340803|1|11.0200|11.0200
D|532023690|10341013|1|35.5900|35.5900
D|532023690|10341014|1|35.5900|35.5900
D|532023690|10341015|1|35.5900|35.5900
D|532023690|10341016|1|35.5900|35.5900
D|532023690|10341033|1|35.5900|35.5900
D|532023690|10341034|1|35.5900|35.5900
D|532023690|10341035|1|35.5900|35.5900
D|532023690|10341036|1|35.5900|35.5900
D|532023690|10341623|1|35.5900|35.5900
D|532023690|10341624|1|35.5900|35.5900
D|532023690|10341625|1|35.5900|35.5900
D|532023690|10341626|1|35.5900|35.5900
D|532023690|10341803|1|35.5900|35.5900
D|532023690|10341804|1|35.5900|35.5900
D|532023690|10341805|1|35.5900|35.5900
D|532023690|10341806|1|35.5900|35.5900
D|532023690|10369013|1|26.4200|26.4200
D|532023690|10369014|1|26.4200|26.4200
D|532023690|10369015|1|26.4200|26.4200
D|532023690|10369016|1|26.4200|26.4200
D|532023690|10369033|1|26.4200|26.4200
D|532023690|10369034|1|26.4200|26.4200
D|532023690|10369035|1|26.4200|26.4200
D|532023690|10369036|1|26.4200|26.4200
D|532023690|10369553|1|26.4200|26.4200
D|532023690|10369554|1|26.4200|26.4200
D|532023690|10369555|1|26.4200|26.4200
D|532023690|10369556|1|26.4200|26.4200
D|532023690|10369803|1|26.4200|26.4200
D|532023690|10369804|1|26.4200|26.4200
D|532023690|10369805|1|26.4200|26.4200
D|532023690|10369806|1|26.4200|26.4200
D|532023691|10010043|6|5.7000|34.2000
D|532023691|10010262|12|5.7000|68.4000
D|532023691|10010263|6|5.7000|34.2000
D|532023691|10026011|12|5.4800|65.7600
D|532023691|10026012|18|5.4800|98.6400
D|532023691|10026013|12|5.4800|65.7600
D|532023691|10026031|12|5.4800|65.7600
D|532023691|10026032|24|5.4800|131.5200
D|532023691|10026033|36|5.4800|197.2800
D|532023691|10026551|9|5.4800|49.3200
D|532023691|10026552|9|5.4800|49.3200
D|532023691|10026553|18|5.4800|98.6400
D|532023691|10026622|12|5.4800|65.7600
D|532023691|10026801|12|5.4800|65.7600
D|532023691|10026802|12|5.4800|65.7600
D|532023691|10026803|18|5.4800|98.6400
D|532023691|10029011|6|7.8500|47.1000
D|532023691|10029013|12|7.8500|94.2000
D|532023691|10029014|6|7.8500|47.1000
D|532023691|10029023|18|7.8500|141.3000
D|532023691|10029024|6|7.8500|47.1000
D|532023691|10029032|12|7.8500|94.2000
D|532023691|10029033|18|7.8500|141.3000
D|532023691|10029034|12|7.8500|94.2000
D|532023691|10029451|12|7.8500|94.2000
D|532023691|10029452|18|7.8500|141.3000
D|532023691|10029453|18|7.8500|141.3000
D|532023691|10029454|18|7.8500|141.3000
D|532023691|10040013|6|6.7500|40.5000
D|532023691|10040032|12|6.7500|81.0000
D|532023691|10040033|24|6.7500|162.0000
D|532023691|10040622|6|6.7500|40.5000
D|532023691|10040623|6|6.7500|40.5000
D|532023691|10044014|6|21.3500|128.1000
D|532023691|10044015|9|21.3500|192.1500
D|532023691|10044016|9|21.3500|192.1500
D|532023691|10044017|8|21.3500|170.8000
D|532023691|10044024|6|21.3500|128.1000
D|532023691|10044025|12|21.3500|256.2000
D|532023691|10044026|9|21.3500|192.1500
D|532023691|10044027|8|21.3500|170.8000
D|532023691|10044034|6|21.3500|128.1000
D|532023691|10044035|9|21.3500|192.1500
D|532023691|10044036|6|21.3500|128.1000
D|532023691|10044037|7|21.3500|149.4500
D|532023691|10051012|6|5.9700|35.8200
D|532023691|10051013|3|5.9700|17.9100
D|532023691|10051032|9|5.9700|53.7300
D|532023691|10051033|6|5.9700|35.8200
D|532023691|10051432|6|5.9700|35.8200
D|532023691|10051562|9|5.9700|53.7300
D|532023691|10051563|6|5.9700|35.8200
D|532023691|10054034|6|25.1600|150.9600
D|532023691|10054036|4|25.1600|100.6400
D|532023691|10054474|2|25.1600|50.3200
D|532023691|10054475|3|25.1600|75.4800
D|532023691|10054476|2|25.1600|50.3200
D|532023691|10054623|6|25.1600|150.9600
D|532023691|10054624|3|25.1600|75.4800
D|532023691|10054625|3|25.1600|75.4800
D|532023691|10056013|2|25.1600|50.3200
D|532023691|10056033|2|25.1600|50.3200
D|532023691|10056035|3|25.1600|75.4800
D|532023691|10056474|3|25.1600|75.4800
D|532023691|10056475|3|25.1600|75.4800
D|532023691|10056623|2|25.1600|50.3200
D|532023691|10056625|2|25.1600|50.3200
D|532023691|10060011|6|8.9700|53.8200
D|532023691|10060012|12|8.9700|107.6400
D|532023691|10060013|6|8.9700|53.8200
D|532023691|10060014|6|8.9700|53.8200
D|532023691|10060032|12|8.9700|107.6400
D|532023691|10060033|6|8.9700|53.8200
D|532023691|10060034|6|8.9700|53.8200
D|532023691|10060451|12|8.9700|107.6400
D|532023691|10060452|18|8.9700|161.4600
D|532023691|10060453|18|8.9700|161.4600
D|532023691|10060454|18|8.9700|161.4600
D|532023691|10069031|3|7.9400|23.8200
D|532023691|10069032|6|7.9400|47.6400
D|532023691|10069471|9|7.9400|71.4600
D|532023691|10069472|12|7.9400|95.2800
D|532023691|10069473|12|7.9400|95.2800
D|532023691|10069552|6|7.9400|47.6400
D|532023691|10069622|3|7.9400|23.8200
D|532023691|10071014|2|41.0000|82.0000
D|532023691|10071015|2|41.0000|82.0000
D|532023691|10071034|4|41.0000|164.0000
D|532023691|10071035|1|41.0000|41.0000
D|532023691|10071105|3|41.0000|123.0000
D|532023691|10071434|3|41.0000|123.0000
D|532023691|10112806|2|40.8100|81.6200
D|532023691|10116015|3|21.7000|65.1000
D|532023691|10116016|2|21.7000|43.4000
D|532023691|10116017|2|21.7000|43.4000
D|532023691|10116018|2|21.7000|43.4000
D|532023691|10116034|2|21.7000|43.4000
D|532023691|10116035|2|21.7000|43.4000
D|532023691|10116036|2|21.7000|43.4000
D|532023691|10116625|2|21.7000|43.4000
D|532023691|10116628|2|21.7000|43.4000
D|532023691|10140012|6|6.0600|36.3600
D|532023691|10140031|6|6.0600|36.3600
D|532023691|10140032|18|6.0600|109.0800
D|532023691|10140033|6|6.0600|36.3600
D|532023691|10140471|6|6.0600|36.3600
D|532023691|10140472|9|6.0600|54.5400
D|532023691|10140473|6|6.0600|36.3600
D|532023691|10140622|6|6.0600|36.3600
D|532023691|10165625|3|48.9400|146.8200
D|532023691|10185011|3|7.2800|21.8400
D|532023691|10185043|3|7.2800|21.8400
D|532023691|10188011|12|6.0800|72.9600
D|532023691|10188012|18|6.0800|109.4400
D|532023691|10188013|12|6.0800|72.9600
D|532023691|10188014|12|6.0800|72.9600
D|532023691|10188031|12|6.0800|72.9600
D|532023691|10188032|24|6.0800|145.9200
D|532023691|10188033|18|6.0800|109.4400
D|532023691|10188034|12|6.0800|72.9600
D|532023691|10188621|6|6.0800|36.4800
D|532023691|10188622|18|6.0800|109.4400
D|532023691|10188623|12|6.0800|72.9600
D|532023691|10188624|12|6.0800|72.9600
D|532023691|10201123|6|7.1900|43.1400
D|532023691|10203032|6|7.0300|42.1800
D|532023691|10203033|6|7.0300|42.1800
D|532023691|10204033|2|27.7500|55.5000
D|532023691|10204034|3|27.7500|83.2500
D|532023691|10204564|4|27.7500|111.0000
D|532023691|10204653|1|27.7500|27.7500
D|532023691|10204655|1|27.7500|27.7500
D|532023691|10206023|3|50.5500|151.6500
D|532023691|10222435|2|30.2600|60.5200
D|532023691|10223031|3|7.2100|21.6300
D|532023691|10223801|2|7.2100|14.4200
D|532023691|10223802|6|7.2100|43.2600
D|532023691|10225211|3|7.3100|21.9300
D|532023691|10225231|3|7.3100|21.9300
D|532023691|10225232|3|7.3100|21.9300
D|532023691|10225261|3|7.3100|21.9300
D|532023691|10225262|3|7.3100|21.9300
D|532023691|10229031|5|18.2900|91.4500
D|532023691|10229621|4|18.2900|73.1600
D|532023691|10229623|4|18.2900|73.1600
D|532023691|10230032|3|16.6000|49.8000
D|532023691|10230033|6|16.6000|99.6000
D|532023691|10230623|3|16.6000|49.8000
D|532023691|10251561|6|7.6800|46.0800
D|532023691|10251562|6|7.6800|46.0800
D|532023691|10251563|3|7.6800|23.0400
D|532023691|10251642|3|7.6800|23.0400
D|532023691|10251652|6|7.6800|46.0800
D|532023691|10251653|3|7.6800|23.0400
D|532023691|10251662|6|7.6800|46.0800
D|532023691|10260013|6|11.2100|67.2600
D|532023691|10260014|6|11.2100|67.2600
D|532023691|10260623|3|11.2100|33.6300
D|532023691|10260624|6|11.2100|67.2600
D|532023691|10261017|2|23.3100|46.6200
D|532023691|10261625|9|23.3100|209.7900
D|532023691|10261626|6|23.3100|139.8600
D|532023691|10273012|6|7.9400|47.6400
D|532023691|10273013|6|7.9400|47.6400
D|532023691|10273031|6|7.9400|47.6400
D|532023691|10273032|6|7.9400|47.6400
D|532023691|10273033|6|7.9400|47.6400
D|532023691|10273041|6|7.9400|47.6400
D|532023691|10273042|6|7.9400|47.6400
D|532023691|10273432|9|7.9400|71.4600
D|532023691|10273552|9|7.9400|71.4600
D|532023691|10284621|2|45.0800|90.1600
D|532023691|10284623|2|45.0800|90.1600
D|532023691|10288012|18|8.3200|149.7600
D|532023691|10288013|12|8.3200|99.8400
D|532023691|10288032|12|8.3200|99.8400
D|532023691|10288033|18|8.3200|149.7600
D|532023691|10288432|6|8.3200|49.9200
D|532023691|10288433|6|8.3200|49.9200
D|532023691|10288551|3|8.3200|24.9600
D|532023691|10288552|6|8.3200|49.9200
D|532023691|10288553|6|8.3200|49.9200
D|532023691|10288621|6|8.3200|49.9200
D|532023691|10288622|6|8.3200|49.9200
D|532023691|10288623|12|8.3200|99.8400
D|532023691|10288802|12|8.3200|99.8400
D|532023691|10290014|2|28.4600|56.9200
D|532023691|10290033|3|28.4600|85.3800
D|532023691|10290034|4|28.4600|113.8400
D|532023691|10290035|3|28.4600|85.3800
D|532023691|10290803|2|28.4600|56.9200
D|532023691|10290816|3|28.4600|85.3800
D|532023691|10291033|6|11.7400|70.4400
D|532023691|10291802|6|11.7400|70.4400
D|532023691|10293032|6|8.6800|52.0800
D|532023691|10293552|3|8.6800|26.0400
D|532023691|10293553|3|8.6800|26.0400
D|532023691|10294036|2|43.2900|86.5800
D|532023691|10294816|2|43.2900|86.5800
D|532023691|10295011|4|6.8800|27.5200
D|532023691|10295013|3|6.8800|20.6400
D|532023691|10295031|4|6.8800|27.5200
D|532023691|10295032|6|6.8800|41.2800
D|532023691|10295033|6|6.8800|41.2800
D|532023691|10295101|3|6.8800|20.6400
D|532023691|10295102|3|6.8800|20.6400
D|532023691|10295103|3|6.8800|20.6400
D|532023691|10295801|3|6.8800|20.6400
D|532023691|10295802|3|6.8800|20.6400
D|532023691|10296031|3|8.8500|26.5500
D|532023691|10297445|2|27.7500|55.5000
D|532023691|10297805|2|27.7500|55.5000
D|532023691|10300013|3|12.0100|36.0300
D|532023691|10300031|3|12.0100|36.0300
D|532023691|10300033|6|12.0100|72.0600
D|532023691|10300621|9|12.0100|108.0900
D|532023691|10300622|12|12.0100|144.1200
D|532023691|10300623|12|12.0100|144.1200
D|532023691|10300803|3|12.0100|36.0300
D|532023691|10306033|3|8.4000|25.2000
D|532023691|10306122|6|8.4000|50.4000
D|532023691|10307034|2|29.8800|59.7600
D|532023691|10307124|2|29.8800|59.7600
D|532023691|10307604|1|29.8800|29.8800
D|532023691|10310033|4|70.1200|280.4800
D|532023691|10311033|2|57.4600|114.9200
D|532023691|10311623|3|57.4600|172.3800
D|532023691|10314031|3|8.1400|24.4200
D|532023691|10314032|3|8.1400|24.4200
D|532023691|10314121|3|8.1400|24.4200
D|532023691|10314122|3|8.1400|24.4200
D|532023691|10314123|3|8.1400|24.4200
D|532023691|10314801|3|8.1400|24.4200
D|532023691|10314802|3|8.1400|24.4200
D|532023691|10315033|6|10.3800|62.2800
D|532023691|10324806|2|33.0500|66.1000
D|532023691|10325012|6|20.7900|124.7400
D|532023691|10325014|9|20.7900|187.1100
D|532023691|10325032|3|20.7900|62.3700
D|532023691|10325033|12|20.7900|249.4800
D|532023691|10325034|9|20.7900|187.1100
D|532023691|10325552|3|20.7900|62.3700
D|532023691|10325553|6|20.7900|124.7400
D|532023691|10325554|6|20.7900|124.7400
D|532023691|10325622|9|20.7900|187.1100
D|532023691|10325623|6|20.7900|124.7400
D|532023691|10325624|6|20.7900|124.7400
D|532023691|10330011|3|12.1400|36.4200
D|532023691|10330031|3|12.1400|36.4200
D|532023691|10330032|3|12.1400|36.4200
D|532023691|10330621|3|12.1400|36.4200
D|532023691|10330622|3|12.1400|36.4200
D|532023691|10330802|6|12.1400|72.8400
D|532023691|10337033|2|27.8600|55.7200
D|532023691|10337034|2|27.8600|55.7200
D|532023691|10337036|2|27.8600|55.7200
D|532023691|10337806|2|27.8600|55.7200
D|532023691|10341015|2|35.5900|71.1800
D|532023691|10341036|2|35.5900|71.1800
D|532023691|10341625|2|35.5900|71.1800
D|532023691|10341805|1|35.5900|35.5900
D|532023691|10341806|3|35.5900|106.7700
D|532023691|10352032|3|16.5300|49.5900
D|532023691|10352033|3|16.5300|49.5900
D|532023691|10352622|3|16.5300|49.5900
D|532023691|10352623|3|16.5300|49.5900
D|532023691|10352802|3|16.5300|49.5900
D|532023691|10355622|2|26.2700|52.5400
D|532023691|10355624|2|26.2700|52.5400
D|532023691|10359015|5|38.9800|194.9000
D|532023691|10359017|2|38.9800|77.9600
D|532023691|10359034|2|38.9800|77.9600
D|532023691|10359035|3|38.9800|116.9400
D|532023691|10359037|3|38.9800|116.9400
D|532023691|10359625|4|38.9800|155.9200
D|532023691|10359626|2|38.9800|77.9600
D|532023691|10359627|4|38.9800|155.9200
D|532023691|10360035|2|28.8100|57.6200
D|532023691|10367011|6|10.2400|61.4400
D|532023691|10367031|3|10.2400|30.7200
D|532023691|10367033|3|10.2400|30.7200
D|532023691|10367551|3|10.2400|30.7200
D|532023691|10367621|3|10.2400|30.7200
D|532023691|10369013|1|26.4200|26.4200
D|532023691|10369015|1|26.4200|26.4200
D|532023691|10369035|2|26.4200|52.8400
D|532023691|10369806|1|26.4200|26.4200
D|532023691|10371015|2|25.4200|50.8400
D|532023691|10371016|2|25.4200|50.8400
D|532023691|10371037|2|25.4200|50.8400
D|532023691|10371626|2|25.4200|50.8400
D|532023691|10371627|2|25.4200|50.8400
D|532023691|10371806|2|25.4200|50.8400
D|532023691|10372034|2|31.7800|63.5600
D|532023691|10372036|2|31.7800|63.5600
D|532023691|10372625|2|31.7800|63.5600
D|532023691|10372626|2|31.7800|63.5600
D|532023691|10374036|2|42.4800|84.9600
D|532023691|10374037|1|42.4800|42.4800
D|532023691|10374624|2|42.4800|84.9600
D|532023691|10374625|3|42.4800|127.4400
D|532023691|10374626|2|42.4800|84.9600
D|532023691|10374627|3|42.4800|127.4400
D|532023691|10374806|1|42.4800|42.4800
D|532023691|10374807|1|42.4800|42.4800
D|532023691|10379012|3|12.1500|36.4500
D|532023691|10379013|3|12.1500|36.4500
D|532023691|10379032|3|12.1500|36.4500
D|532023691|10379622|3|12.1500|36.4500
D|532023691|10379623|3|12.1500|36.4500
D|532023691|10379802|6|12.1500|72.9000
D|532023691|10379803|6|12.1500|72.9000
D|532023691|10379804|6|12.1500|72.9000
D|532023691|10380011|6|6.9900|41.9400
D|532023691|10380012|8|6.9900|55.9200
D|532023691|10380013|3|6.9900|20.9700
D|532023691|10380031|4|6.9900|27.9600
D|532023691|10380032|6|6.9900|41.9400
D|532023691|10380033|6|6.9900|41.9400
D|532023691|10380041|4|6.9900|27.9600
D|532023691|10380042|6|6.9900|41.9400
D|532023691|10380043|6|6.9900|41.9400
D|532023691|10380551|6|6.9900|41.9400
D|532023691|10380552|12|6.9900|83.8800
D|532023691|10380553|12|6.9900|83.8800
D|532023691|10380621|6|6.9900|41.9400
D|532023691|10380622|9|6.9900|62.9100
D|532023691|10380623|6|6.9900|41.9400
D|532023691|10381132|3|8.0500|24.1500
D|532023691|10381133|6|8.0500|48.3000
D|532023691|10381161|3|8.0500|24.1500
D|532023691|10381163|6|8.0500|48.3000
D|532023691|10381371|3|8.0500|24.1500
D|532023691|10381373|6|8.0500|48.3000
D|532023691|10381382|3|8.0500|24.1500
D|532023691|10381383|6|8.0500|48.3000
D|532023691|10381391|3|8.0500|24.1500
D|532023691|10381393|6|8.0500|48.3000
D|532023691|10384133|6|9.6800|58.0800
D|532023691|10384163|3|9.6800|29.0400
D|532023691|10384373|3|9.6800|29.0400
D|532023691|10384383|6|9.6800|58.0800
D|532023691|10385011|6|9.7500|58.5000
D|532023691|10385012|18|9.7500|175.5000
D|532023691|10385013|12|9.7500|117.0000
D|532023691|10385031|6|9.7500|58.5000
D|532023691|10385032|24|9.7500|234.0000
D|532023691|10385033|18|9.7500|175.5000
D|532023691|10385471|6|9.7500|58.5000
D|532023691|10385472|24|9.7500|234.0000
D|532023691|10385473|15|9.7500|146.2500
D|532023691|10385621|6|9.7500|58.5000
D|532023691|10385622|24|9.7500|234.0000
D|532023691|10385623|18|9.7500|175.5000
D|532023691|10386013|6|9.3900|56.3400
D|532023691|10386033|12|9.3900|112.6800
D|532023691|10386473|6|9.3900|56.3400
D|532023691|10386623|9|9.3900|84.5100
D|532023691|10386803|9|9.3900|84.5100
D|532023691|10387011|6|9.1800|55.0800
D|532023691|10387012|3|9.1800|27.5400
D|532023691|10387013|3|9.1800|27.5400
D|532023691|10387031|6|9.1800|55.0800
D|532023691|10387032|6|9.1800|55.0800
D|532023691|10387033|6|9.1800|55.0800
D|532023691|10387471|6|9.1800|55.0800
D|532023691|10387472|6|9.1800|55.0800
D|532023691|10387473|6|9.1800|55.0800
D|532023691|10387621|6|9.1800|55.0800
D|532023691|10387622|3|9.1800|27.5400
D|532023691|10389011|3|9.5800|28.7400
D|532023691|10389031|6|9.5800|57.4800
D|532023691|10389033|6|9.5800|57.4800
D|532023691|10389471|3|9.5800|28.7400
D|532023691|10389473|6|9.5800|57.4800
D|532023691|10389621|6|9.5800|57.4800
D|532023691|10389623|6|9.5800|57.4800
D|532023691|10394292|6|20.1900|121.1400
D|532023691|10394293|6|20.1900|121.1400
D|532023691|10394294|6|20.1900|121.1400
D|532023691|10394392|6|20.1900|121.1400
D|532023691|10394393|6|20.1900|121.1400
D|532023691|10394394|6|20.1900|121.1400
D|532023691|10394762|6|20.1900|121.1400
D|532023691|10394763|6|20.1900|121.1400
D|532023691|10394764|6|20.1900|121.1400
D|532023691|10395295|9|6.1400|55.2600
D|532023691|10395296|9|6.1400|55.2600
D|532023691|10395297|9|6.1400|55.2600
D|532023691|10395298|9|6.1400|55.2600
D|532023691|10395395|9|6.1400|55.2600
D|532023691|10395396|9|6.1400|55.2600
D|532023691|10395397|9|6.1400|55.2600
D|532023691|10395398|9|6.1400|55.2600
D|532023691|10395765|9|6.1400|55.2600
D|532023691|10395766|9|6.1400|55.2600
D|532023691|10395767|9|6.1400|55.2600
D|532023691|10395768|9|6.1400|55.2600
D|532023691|10400033|6|33.9000|203.4000
D|532023691|10400034|6|33.9000|203.4000
D|532023691|10400035|6|33.9000|203.4000
D|532023691|10400036|6|33.9000|203.4000
D|532023691|10400113|6|33.9000|203.4000
D|532023691|10400114|6|33.9000|203.4000
D|532023691|10400115|6|33.9000|203.4000
D|532023691|10400116|6|33.9000|203.4000
D|532023691|10400343|6|33.9000|203.4000
D|532023691|10400344|6|33.9000|203.4000
D|532023691|10400345|6|33.9000|203.4000
D|532023691|10400346|6|33.9000|203.4000
D|532023691|10400363|6|33.9000|203.4000
D|532023691|10400364|6|33.9000|203.4000
D|532023691|10400365|6|33.9000|203.4000
D|532023691|10400366|6|33.9000|203.4000
D|532023691|10401033|6|0.0000|0.0000
D|532023691|10401034|6|0.0000|0.0000
D|532023691|10401035|6|0.0000|0.0000
D|532023691|10401173|6|0.0000|0.0000
D|532023691|10401174|6|0.0000|0.0000
D|532023691|10401175|6|0.0000|0.0000
D|532023691|10401203|6|0.0000|0.0000
D|532023691|10401204|6|0.0000|0.0000
D|532023691|10401205|6|0.0000|0.0000
D|532023691|10401373|6|0.0000|0.0000
D|532023691|10401374|6|0.0000|0.0000
D|532023691|10401375|6|0.0000|0.0000
D|532023691|10402034|6|36.4400|218.6400
D|532023691|10402035|6|36.4400|218.6400
D|532023691|10402036|6|36.4400|218.6400
D|532023691|10402204|6|36.4400|218.6400
D|532023691|10402205|6|36.4400|218.6400
D|532023691|10402206|6|36.4400|218.6400
D|532023691|10402244|6|36.4400|218.6400
D|532023691|10402245|6|36.4400|218.6400
D|532023691|10402246|6|36.4400|218.6400
D|532023691|10402274|6|36.4400|218.6400
D|532023691|10402275|6|36.4400|218.6400
D|532023691|10402276|6|36.4400|218.6400
D|532023692|10040011|3|6.7500|20.2500
D|532023692|10040012|5|6.7500|33.7500
D|532023692|10040013|5|6.7500|33.7500
D|532023692|10040031|6|6.7500|40.5000
D|532023692|10040032|9|6.7500|60.7500
D|532023692|10040033|9|6.7500|60.7500
D|532023692|10040101|3|6.7500|20.2500
D|532023692|10040102|5|6.7500|33.7500
D|532023692|10040103|5|6.7500|33.7500
D|532023692|10040471|3|6.7500|20.2500
D|532023692|10040472|5|6.7500|33.7500
D|532023692|10040473|5|6.7500|33.7500
D|532023692|10040551|3|6.7500|20.2500
D|532023692|10040552|5|6.7500|33.7500
D|532023692|10040553|5|6.7500|33.7500
D|532023692|10040621|6|6.7500|40.5000
D|532023692|10040622|9|6.7500|60.7500
D|532023692|10040623|9|6.7500|60.7500
D|532023692|10040801|3|6.7500|20.2500
D|532023692|10040802|5|6.7500|33.7500
D|532023692|10040803|5|6.7500|33.7500
D|532023692|10054473|2|25.1600|50.3200
D|532023692|10054474|4|25.1600|100.6400
D|532023692|10054475|4|25.1600|100.6400
D|532023692|10054476|4|25.1600|100.6400
D|532023692|10054803|2|25.1600|50.3200
D|532023692|10054804|4|25.1600|100.6400
D|532023692|10054805|4|25.1600|100.6400
D|532023692|10054806|4|25.1600|100.6400
D|532023692|10071015|4|41.0000|164.0000
D|532023692|10071016|4|41.0000|164.0000
D|532023692|10071035|6|41.0000|246.0000
D|532023692|10071036|6|41.0000|246.0000
D|532023692|10071103|2|41.0000|82.0000
D|532023692|10071104|4|41.0000|164.0000
D|532023692|10071105|5|41.0000|205.0000
D|532023692|10071106|4|41.0000|164.0000
D|532023692|10071433|2|41.0000|82.0000
D|532023692|10071434|3|41.0000|123.0000
D|532023692|10071435|4|41.0000|164.0000
D|532023692|10071436|4|41.0000|164.0000
D|532023692|10071803|2|41.0000|82.0000
D|532023692|10071804|3|41.0000|123.0000
D|532023692|10071805|4|41.0000|164.0000
D|532023692|10071806|4|41.0000|164.0000
D|532023692|10116014|6|21.7000|130.2000
D|532023692|10116015|4|21.7000|86.8000
D|532023692|10116016|6|21.7000|130.2000
D|532023692|10116017|5|21.7000|108.5000
D|532023692|10116018|4|21.7000|86.8000
D|532023692|10116034|6|21.7000|130.2000
D|532023692|10116035|7|21.7000|151.9000
D|532023692|10116036|8|21.7000|173.6000
D|532023692|10116037|7|21.7000|151.9000
D|532023692|10116038|4|21.7000|86.8000
D|532023692|10116624|6|21.7000|130.2000
D|532023692|10116625|7|21.7000|151.9000
D|532023692|10116626|8|21.7000|173.6000
D|532023692|10116627|5|21.7000|108.5000
D|532023692|10116628|4|21.7000|86.8000
D|532023692|10116804|4|21.7000|86.8000
D|532023692|10116805|4|21.7000|86.8000
D|532023692|10116806|4|21.7000|86.8000
D|532023692|10116807|4|21.7000|86.8000
D|532023692|10116808|4|21.7000|86.8000
D|532023692|10165014|4|48.9400|195.7600
D|532023692|10165015|3|48.9400|146.8200
D|532023692|10165016|4|48.9400|195.7600
D|532023692|10165017|3|48.9400|146.8200
D|532023692|10165034|4|48.9400|195.7600
D|532023692|10165035|4|48.9400|195.7600
D|532023692|10165036|4|48.9400|195.7600
D|532023692|10165037|3|48.9400|146.8200
D|532023692|10165624|2|48.9400|97.8800
D|532023692|10165625|2|48.9400|97.8800
D|532023692|10165626|4|48.9400|195.7600
D|532023692|10165627|3|48.9400|146.8200
D|532023692|10204033|2|27.7500|55.5000
D|532023692|10204035|5|27.7500|138.7500
D|532023692|10204036|5|27.7500|138.7500
D|532023692|10204565|3|27.7500|83.2500
D|532023692|10204566|2|27.7500|55.5000
D|532023692|10204653|3|27.7500|83.2500
D|532023692|10204654|3|27.7500|83.2500
D|532023692|10204655|3|27.7500|83.2500
D|532023692|10204663|3|27.7500|83.2500
D|532023692|10204664|3|27.7500|83.2500
D|532023692|10204665|3|27.7500|83.2500
D|532023692|10204666|2|27.7500|55.5000
D|532023692|10205032|9|13.5600|122.0400
D|532023692|10205033|9|13.5600|122.0400
D|532023692|10205034|9|13.5600|122.0400
D|532023692|10205622|9|13.5600|122.0400
D|532023692|10205623|9|13.5600|122.0400
D|532023692|10205624|9|13.5600|122.0400
D|532023692|10222013|2|30.2600|60.5200
D|532023692|10222033|4|30.2600|121.0400
D|532023692|10222034|5|30.2600|151.3000
D|532023692|10222035|3|30.2600|90.7800
D|532023692|10222036|4|30.2600|121.0400
D|532023692|10222433|2|30.2600|60.5200
D|532023692|10222434|2|30.2600|60.5200
D|532023692|10222435|4|30.2600|121.0400
D|532023692|10222436|4|30.2600|121.0400
D|532023692|10222554|3|30.2600|90.7800
D|532023692|10222555|3|30.2600|90.7800
D|532023692|10222556|2|30.2600|60.5200
D|532023692|10222803|3|30.2600|90.7800
D|532023692|10222804|3|30.2600|90.7800
D|532023692|10222805|3|30.2600|90.7800
D|532023692|10222806|2|30.2600|60.5200
D|532023692|10223011|3|7.2100|21.6300
D|532023692|10223012|5|7.2100|36.0500
D|532023692|10223013|5|7.2100|36.0500
D|532023692|10223031|6|7.2100|43.2600
D|532023692|10223032|9|7.2100|64.8900
D|532023692|10223033|9|7.2100|64.8900
D|532023692|10223431|3|7.2100|21.6300
D|532023692|10223432|5|7.2100|36.0500
D|532023692|10223433|5|7.2100|36.0500
D|532023692|10223551|3|7.2100|21.6300
D|532023692|10223552|5|7.2100|36.0500
D|532023692|10223553|5|7.2100|36.0500
D|532023692|10223801|3|7.2100|21.6300
D|532023692|10223802|5|7.2100|36.0500
D|532023692|10223803|5|7.2100|36.0500
D|532023692|10243031|6|54.8200|328.9200
D|532023692|10243032|6|54.8200|328.9200
D|532023692|10243033|4|54.8200|219.2800
D|532023692|10243034|2|54.8200|109.6400
D|532023692|10243621|6|54.8200|328.9200
D|532023692|10243622|6|54.8200|328.9200
D|532023692|10243623|4|54.8200|219.2800
D|532023692|10243624|2|54.8200|109.6400
D|532023692|10300011|3|12.0100|36.0300
D|532023692|10300012|4|12.0100|48.0400
D|532023692|10300013|4|12.0100|48.0400
D|532023692|10300031|4|12.0100|48.0400
D|532023692|10300032|6|12.0100|72.0600
D|532023692|10300033|6|12.0100|72.0600
D|532023692|10300621|4|12.0100|48.0400
D|532023692|10300622|6|12.0100|72.0600
D|532023692|10300623|6|12.0100|72.0600
D|532023692|10300801|3|12.0100|36.0300
D|532023692|10300802|4|12.0100|48.0400
D|532023692|10300803|4|12.0100|48.0400
D|532023692|10324033|2|33.0500|66.1000
D|532023692|10324034|4|33.0500|132.2000
D|532023692|10324035|3|33.0500|99.1500
D|532023692|10324625|2|33.0500|66.1000
D|532023692|10324626|2|33.0500|66.1000
D|532023692|10324803|3|33.0500|99.1500
D|532023692|10324804|3|33.0500|99.1500
D|532023692|10324805|2|33.0500|66.1000
D|532023692|10324806|2|33.0500|66.1000
D|532023692|10325623|12|20.7900|249.4800
D|532023692|10325624|9|20.7900|187.1100
D|532023692|10339031|4|39.2600|157.0400
D|532023692|10339032|6|39.2600|235.5600
D|532023692|10339033|6|39.2600|235.5600
D|532023692|10339034|6|39.2600|235.5600
D|532023692|10339621|4|39.2600|157.0400
D|532023692|10339622|6|39.2600|235.5600
D|532023692|10339623|6|39.2600|235.5600
D|532023692|10339624|6|39.2600|235.5600
D|532023692|10340011|2|11.0200|22.0400
D|532023692|10340012|6|11.0200|66.1200
D|532023692|10340013|6|11.0200|66.1200
D|532023692|10340031|4|11.0200|44.0800
D|532023692|10340032|8|11.0200|88.1600
D|532023692|10340033|8|11.0200|88.1600
D|532023692|10340621|4|11.0200|44.0800
D|532023692|10340622|8|11.0200|88.1600
D|532023692|10340623|8|11.0200|88.1600
D|532023692|10340801|2|11.0200|22.0400
D|532023692|10340802|6|11.0200|66.1200
D|532023692|10340803|6|11.0200|66.1200
D|532023692|10341013|2|35.5900|71.1800
D|532023692|10341014|2|35.5900|71.1800
D|532023692|10341015|6|35.5900|213.5400
D|532023692|10341016|4|35.5900|142.3600
D|532023692|10341035|3|35.5900|106.7700
D|532023692|10341624|2|35.5900|71.1800
D|532023692|10341625|2|35.5900|71.1800
D|532023692|10341626|2|35.5900|71.1800
D|532023692|10341804|3|35.5900|106.7700
D|532023692|10341805|3|35.5900|106.7700
D|532023692|10341806|3|35.5900|106.7700
D|532023692|10359014|5|38.9800|194.9000
D|532023692|10359015|6|38.9800|233.8800
D|532023692|10359016|6|38.9800|233.8800
D|532023692|10359017|5|38.9800|194.9000
D|532023692|10359034|15|38.9800|584.7000
D|532023692|10359035|15|38.9800|584.7000
D|532023692|10359036|15|38.9800|584.7000
D|532023692|10359037|10|38.9800|389.8000
D|532023692|10359624|15|38.9800|584.7000
D|532023692|10359625|15|38.9800|584.7000
D|532023692|10359626|15|38.9800|584.7000
D|532023692|10359627|10|38.9800|389.8000
D|532023692|10359804|9|38.9800|350.8200
D|532023692|10359805|9|38.9800|350.8200
D|532023692|10359806|9|38.9800|350.8200
D|532023692|10359807|7|38.9800|272.8600
D|532023692|10366011|5|9.3200|46.6000
D|532023692|10366012|7|9.3200|65.2400
D|532023692|10366013|6|9.3200|55.9200
D|532023692|10366031|7|9.3200|65.2400
D|532023692|10366032|12|9.3200|111.8400
D|532023692|10366033|9|9.3200|83.8800
D|532023692|10366621|7|9.3200|65.2400
D|532023692|10366622|12|9.3200|111.8400
D|532023692|10366623|9|9.3200|83.8800
D|532023692|10366801|5|9.3200|46.6000
D|532023692|10366802|7|9.3200|65.2400
D|532023692|10366803|6|9.3200|55.9200
D|532023692|10382131|5|8.9700|44.8500
D|532023692|10382132|9|8.9700|80.7300
D|532023692|10382133|7|8.9700|62.7900
D|532023692|10382161|5|8.9700|44.8500
D|532023692|10382162|9|8.9700|80.7300
D|532023692|10382163|7|8.9700|62.7900
D|532023692|10382371|5|8.9700|44.8500
D|532023692|10382372|9|8.9700|80.7300
D|532023692|10382373|7|8.9700|62.7900
D|532023692|10382381|5|8.9700|44.8500
D|532023692|10382382|9|8.9700|80.7300
D|532023692|10382383|7|8.9700|62.7900
D|532023692|10382391|5|8.9700|44.8500
D|532023692|10382392|9|8.9700|80.7300
D|532023692|10382393|7|8.9700|62.7900
D|532023692|10384131|5|9.6800|48.4000
D|532023692|10384132|9|9.6800|87.1200
D|532023692|10384133|7|9.6800|67.7600
D|532023692|10384134|5|9.6800|48.4000
D|532023692|10384161|5|9.6800|48.4000
D|532023692|10384162|9|9.6800|87.1200
D|532023692|10384163|7|9.6800|67.7600
D|532023692|10384164|5|9.6800|48.4000
D|532023692|10384371|5|9.6800|48.4000
D|532023692|10384372|9|9.6800|87.1200
D|532023692|10384373|7|9.6800|67.7600
D|532023692|10384374|5|9.6800|48.4000
D|532023692|10384381|5|9.6800|48.4000
D|532023692|10384382|9|9.6800|87.1200
D|532023692|10384383|7|9.6800|67.7600
D|532023692|10384384|5|9.6800|48.4000
D|532023692|10384391|5|9.6800|48.4000
D|532023692|10384392|9|9.6800|87.1200
D|532023692|10384393|7|9.6800|67.7600
D|532023692|10384394|5|9.6800|48.4000
D|532023692|10385011|6|9.7500|58.5000
D|532023692|10385012|12|9.7500|117.0000
D|532023692|10385013|10|9.7500|97.5000
D|532023692|10385031|9|9.7500|87.7500
D|532023692|10385032|18|9.7500|175.5000
D|532023692|10385033|14|9.7500|136.5000
D|532023692|10385471|6|9.7500|58.5000
D|532023692|10385472|12|9.7500|117.0000
D|532023692|10385473|10|9.7500|97.5000
D|532023692|10385621|9|9.7500|87.7500
D|532023692|10385622|18|9.7500|175.5000
D|532023692|10385623|14|9.7500|136.5000
D|532023692|10385801|9|9.7500|87.7500
D|532023692|10385802|18|9.7500|175.5000
D|532023692|10385803|14|9.7500|136.5000
D|532023692|10387032|12|9.1800|110.1600
D|532023692|10387033|12|9.1800|110.1600
D|532023692|10387622|6|9.1800|55.0800
D|532023692|10387623|6|9.1800|55.0800
D|532023692|10387802|12|9.1800|110.1600
D|532023692|10387803|12|9.1800|110.1600
D|532023692|10389011|6|9.5800|57.4800
D|532023692|10389012|9|9.5800|86.2200
D|532023692|10389013|9|9.5800|86.2200
D|532023692|10389031|9|9.5800|86.2200
D|532023692|10389032|15|9.5800|143.7000
D|532023692|10389033|15|9.5800|143.7000
D|532023692|10389471|9|9.5800|86.2200
D|532023692|10389472|15|9.5800|143.7000
D|532023692|10389473|15|9.5800|143.7000
D|532023692|10389621|6|9.5800|57.4800
D|532023692|10389622|9|9.5800|86.2200
D|532023692|10389623|9|9.5800|86.2200