F|2026-09-08|54
C|542023608|100009|04|precio9|2756.96|0.0000|2756.96|496.25|3253.21|11|GENERADO|2026-09-08|54|0|0|0.0000
C|542023609|RS064|04|precio9|1514.42|0.0000|1514.42|272.60|1787.02|10|GENERADO|2026-09-08|54|0|0|0.0000
C|542023610|1012724|04|precio9|2016.11|0.0000|2016.11|362.90|2379.01|11|GENERADO|2026-09-08|54|0|0|0.0000
C|542023611|100011|04|precio9|1876.40|0.0000|1876.40|337.75|2214.15|17|GENERADO|2026-09-08|54|0|0|0.0000
C|542023612|1012739|04|precio9|1913.31|0.0000|1913.31|344.40|2257.71|11|GENERADO|2026-09-08|54|0|0|0.0000
D|542023608|10029013|3|7.8500|23.5500
D|542023608|10029023|4|7.8500|31.4000
D|542023608|10029033|4|7.8500|31.4000
D|542023608|10029034|4|7.8500|31.4000
D|542023608|10029093|2|7.8500|15.7000
D|542023608|10029453|3|7.8500|23.5500
D|542023608|10029454|3|7.8500|23.5500
D|542023608|10203013|3|7.0300|21.0900
D|542023608|10203033|3|7.0300|21.0900
D|542023608|10203563|3|7.0300|21.0900
D|542023608|10203653|3|7.0300|21.0900
D|542023608|10203663|3|7.0300|21.0900
D|542023608|10205032|2|13.5600|27.1200
D|542023608|10205033|2|13.5600|27.1200
D|542023608|10205034|2|13.5600|27.1200
D|542023608|10205622|2|13.5600|27.1200
D|542023608|10205623|2|13.5600|27.1200
D|542023608|10205624|2|13.5600|27.1200
D|542023608|10231033|3|15.6900|47.0700
D|542023608|10231623|3|15.6900|47.0700
D|542023608|10273012|6|7.9400|47.6400
D|542023608|10273013|4|7.9400|31.7600
D|542023608|10273032|4|7.9400|31.7600
D|542023608|10273033|4|7.9400|31.7600
D|542023608|10273042|6|7.9400|47.6400
D|542023608|10273043|4|7.9400|31.7600
D|542023608|10273432|3|7.9400|23.8200
D|542023608|10273433|3|7.9400|23.8200
D|542023608|10273552|3|7.9400|23.8200
D|542023608|10273553|2|7.9400|15.8800
D|542023608|10378031|2|28.5300|57.0600
D|542023608|10378032|2|28.5300|57.0600
D|542023608|10378033|2|28.5300|57.0600
D|542023608|10378451|2|28.5300|57.0600
D|542023608|10378452|2|28.5300|57.0600
D|542023608|10378453|2|28.5300|57.0600
D|542023608|10378621|2|28.5300|57.0600
D|542023608|10378622|2|28.5300|57.0600
D|542023608|10378623|2|28.5300|57.0600
D|542023608|10380012|6|6.9900|41.9400
D|542023608|10380013|6|6.9900|41.9400
D|542023608|10380032|3|6.9900|20.9700
D|542023608|10380033|4|6.9900|27.9600
D|542023608|10380042|4|6.9900|27.9600
D|542023608|10380552|4|6.9900|27.9600
D|542023608|10380553|3|6.9900|20.9700
D|542023608|10380622|6|6.9900|41.9400
D|542023608|10380623|6|6.9900|41.9400
D|542023608|10380812|4|6.9900|27.9600
D|542023608|10384131|2|9.6800|19.3600
D|542023608|10384132|2|9.6800|19.3600
D|542023608|10384133|2|9.6800|19.3600
D|542023608|10384134|2|9.6800|19.3600
D|542023608|10384161|2|9.6800|19.3600
D|542023608|10384162|2|9.6800|19.3600
D|542023608|10384163|2|9.6800|19.3600
D|542023608|10384164|2|9.6800|19.3600
D|542023608|10384371|2|9.6800|19.3600
D|542023608|10384372|2|9.6800|19.3600
D|542023608|10384373|2|9.6800|19.3600
D|542023608|10384374|2|9.6800|19.3600
D|542023608|10384381|2|9.6800|19.3600
D|542023608|10384382|2|9.6800|19.3600
D|542023608|10384383|2|9.6800|19.3600
D|542023608|10384384|2|9.6800|19.3600
D|542023608|10384391|2|9.6800|19.3600
D|542023608|10384392|2|9.6800|19.3600
D|542023608|10384393|2|9.6800|19.3600
D|542023608|10384394|2|9.6800|19.3600
D|542023608|10386011|2|9.3900|18.7800
D|542023608|10386012|3|9.3900|28.1700
D|542023608|10386013|3|9.3900|28.1700
D|542023608|10386031|2|9.3900|18.7800
D|542023608|10386032|3|9.3900|28.1700
D|542023608|10386033|3|9.3900|28.1700
D|542023608|10386471|2|9.3900|18.7800
D|542023608|10386472|3|9.3900|28.1700
D|542023608|10386473|3|9.3900|28.1700
D|542023608|10386621|2|9.3900|18.7800
D|542023608|10386622|3|9.3900|28.1700
D|542023608|10386623|3|9.3900|28.1700
D|542023608|10386801|2|9.3900|18.7800
D|542023608|10386802|3|9.3900|28.1700
D|542023608|10386803|3|9.3900|28.1700
D|542023608|10389011|2|9.5800|19.1600
D|542023608|10389012|3|9.5800|28.7400
D|542023608|10389013|3|9.5800|28.7400
D|542023608|10389031|2|9.5800|19.1600
D|542023608|10389032|3|9.5800|28.7400
D|542023608|10389033|3|9.5800|28.7400
D|542023608|10389471|2|9.5800|19.1600
D|542023608|10389472|3|9.5800|28.7400
D|542023608|10389473|3|9.5800|28.7400
D|542023608|10389621|2|9.5800|19.1600
D|542023608|10389622|3|9.5800|28.7400
D|542023608|10389623|3|9.5800|28.7400
D|542023609|10010013|3|5.7000|17.1000
D|542023609|10010033|3|5.7000|17.1000
D|542023609|10010041|3|5.7000|17.1000
D|542023609|10010042|3|5.7000|17.1000
D|542023609|10010262|3|5.7000|17.1000
D|542023609|10010623|3|5.7000|17.1000
D|542023609|10026032|3|5.4800|16.4400
D|542023609|10026072|3|5.4800|16.4400
D|542023609|10026472|3|5.4800|16.4400
D|542023609|10026802|3|5.4800|16.4400
D|542023609|10051031|3|5.9700|17.9100
D|542023609|10051032|3|5.9700|17.9100
D|542023609|10051033|3|5.9700|17.9100
D|542023609|10051222|3|5.9700|17.9100
D|542023609|10051431|3|5.9700|17.9100
D|542023609|10051432|3|5.9700|17.9100
D|542023609|10051433|3|5.9700|17.9100
D|542023609|10051561|3|5.9700|17.9100
D|542023609|10051562|3|5.9700|17.9100
D|542023609|10051563|3|5.9700|17.9100
D|542023609|10069011|2|7.9400|15.8800
D|542023609|10069031|2|7.9400|15.8800
D|542023609|10069032|3|7.9400|23.8200
D|542023609|10069102|3|7.9400|23.8200
D|542023609|10069103|3|7.9400|23.8200
D|542023609|10069471|2|7.9400|15.8800
D|542023609|10069472|3|7.9400|23.8200
D|542023609|10069473|3|7.9400|23.8200
D|542023609|10069551|2|7.9400|15.8800
D|542023609|10069552|3|7.9400|23.8200
D|542023609|10069553|3|7.9400|23.8200
D|542023609|10069621|2|7.9400|15.8800
D|542023609|10069622|3|7.9400|23.8200
D|542023609|10188032|3|6.0800|18.2400
D|542023609|10188033|3|6.0800|18.2400
D|542023609|10188623|3|6.0800|18.2400
D|542023609|10251561|3|7.6800|23.0400
D|542023609|10253011|3|7.7500|23.2500
D|542023609|10253031|3|7.7500|23.2500
D|542023609|10253091|3|7.7500|23.2500
D|542023609|10253092|3|7.7500|23.2500
D|542023609|10253601|3|7.7500|23.2500
D|542023609|10306122|3|8.4000|25.2000
D|542023609|10306123|3|8.4000|25.2000
D|542023609|10306602|3|8.4000|25.2000
D|542023609|10315031|3|10.3800|31.1400
D|542023609|10315032|3|10.3800|31.1400
D|542023609|10315033|3|10.3800|31.1400
D|542023609|10380011|3|6.9900|20.9700
D|542023609|10380012|3|6.9900|20.9700
D|542023609|10380032|3|6.9900|20.9700
D|542023609|10380033|3|6.9900|20.9700
D|542023609|10380552|3|6.9900|20.9700
D|542023609|10380553|3|6.9900|20.9700
D|542023609|10380623|3|6.9900|20.9700
D|542023609|10384132|3|9.6800|29.0400
D|542023609|10384163|3|9.6800|29.0400
D|542023609|10384164|2|9.6800|19.3600
D|542023609|10384372|3|9.6800|29.0400
D|542023609|10384373|3|9.6800|29.0400
D|542023609|10384374|2|9.6800|19.3600
D|542023609|10384382|3|9.6800|29.0400
D|542023609|10384383|3|9.6800|29.0400
D|542023609|10384384|2|9.6800|19.3600
D|542023609|10384393|3|9.6800|29.0400
D|542023609|10388131|3|6.9900|20.9700
D|542023609|10388132|3|6.9900|20.9700
D|542023609|10388162|3|6.9900|20.9700
D|542023609|10388372|3|6.9900|20.9700
D|542023609|10388381|3|6.9900|20.9700
D|542023609|10388382|3|6.9900|20.9700
D|542023610|10188011|2|6.0800|12.1600
D|542023610|10188012|3|6.0800|18.2400
D|542023610|10188013|3|6.0800|18.2400
D|542023610|10188014|3|6.0800|18.2400
D|542023610|10188031|2|6.0800|12.1600
D|542023610|10188032|3|6.0800|18.2400
D|542023610|10188033|3|6.0800|18.2400
D|542023610|10188034|3|6.0800|18.2400
D|542023610|10188551|2|6.0800|12.1600
D|542023610|10188552|3|6.0800|18.2400
D|542023610|10188553|3|6.0800|18.2400
D|542023610|10188554|3|6.0800|18.2400
D|542023610|10188621|2|6.0800|12.1600
D|542023610|10188622|3|6.0800|18.2400
D|542023610|10188623|3|6.0800|18.2400
D|542023610|10188624|3|6.0800|18.2400
D|542023610|10188801|2|6.0800|12.1600
D|542023610|10188802|3|6.0800|18.2400
D|542023610|10188803|3|6.0800|18.2400
D|542023610|10188804|3|6.0800|18.2400
D|542023610|10197022|2|21.1900|42.3800
D|542023610|10197023|3|21.1900|63.5700
D|542023610|10197024|3|21.1900|63.5700
D|542023610|10197033|2|21.1900|42.3800
D|542023610|10197034|3|21.1900|63.5700
D|542023610|10231011|2|15.6900|31.3800
D|542023610|10231012|4|15.6900|62.7600
D|542023610|10231013|3|15.6900|47.0700
D|542023610|10231014|3|15.6900|47.0700
D|542023610|10231031|2|15.6900|31.3800
D|542023610|10231032|4|15.6900|62.7600
D|542023610|10231033|3|15.6900|47.0700
D|542023610|10231034|3|15.6900|47.0700
D|542023610|10231621|2|15.6900|31.3800
D|542023610|10231622|4|15.6900|62.7600
D|542023610|10231623|3|15.6900|47.0700
D|542023610|10231624|3|15.6900|47.0700
D|542023610|10231801|2|15.6900|31.3800
D|542023610|10231802|4|15.6900|62.7600
D|542023610|10231803|3|15.6900|47.0700
D|542023610|10231804|3|15.6900|47.0700
D|542023610|10273011|2|7.9400|15.8800
D|542023610|10273012|3|7.9400|23.8200
D|542023610|10273013|3|7.9400|23.8200
D|542023610|10273031|2|7.9400|15.8800
D|542023610|10273032|3|7.9400|23.8200
D|542023610|10273033|3|7.9400|23.8200
D|542023610|10273041|2|7.9400|15.8800
D|542023610|10273042|3|7.9400|23.8200
D|542023610|10273043|3|7.9400|23.8200
D|542023610|10273431|2|7.9400|15.8800
D|542023610|10273432|3|7.9400|23.8200
D|542023610|10273433|3|7.9400|23.8200
D|542023610|10273551|2|7.9400|15.8800
D|542023610|10273552|3|7.9400|23.8200
D|542023610|10273553|3|7.9400|23.8200
D|542023610|10380011|2|6.9900|13.9800
D|542023610|10380012|3|6.9900|20.9700
D|542023610|10380013|3|6.9900|20.9700
D|542023610|10380031|2|6.9900|13.9800
D|542023610|10380032|3|6.9900|20.9700
D|542023610|10380033|3|6.9900|20.9700
D|542023610|10380041|2|6.9900|13.9800
D|542023610|10380042|3|6.9900|20.9700
D|542023610|10380043|3|6.9900|20.9700
D|542023610|10380551|2|6.9900|13.9800
D|542023610|10380552|3|6.9900|20.9700
D|542023610|10380553|3|6.9900|20.9700
D|542023610|10380621|2|6.9900|13.9800
D|542023610|10380622|3|6.9900|20.9700
D|542023610|10380623|3|6.9900|20.9700
D|542023610|10380811|2|6.9900|13.9800
D|542023610|10380812|3|6.9900|20.9700
D|542023610|10380813|3|6.9900|20.9700
D|542023611|10013013|18|6.1900|111.4200
D|542023611|10013014|18|6.1900|111.4200
D|542023611|10013015|18|6.1900|111.4200
D|542023611|10013043|6|6.1900|37.1400
D|542023611|10013044|6|6.1900|37.1400
D|542023611|10013045|6|6.1900|37.1400
D|542023611|10013093|6|6.1900|37.1400
D|542023611|10013094|6|6.1900|37.1400
D|542023611|10013095|6|6.1900|37.1400
D|542023611|10013623|6|6.1900|37.1400
D|542023611|10013624|6|6.1900|37.1400
D|542023611|10013625|6|6.1900|37.1400
D|542023611|10188011|6|6.0800|36.4800
D|542023611|10188012|8|6.0800|48.6400
D|542023611|10188013|8|6.0800|48.6400
D|542023611|10188031|6|6.0800|36.4800
D|542023611|10188032|8|6.0800|48.6400
D|542023611|10188033|8|6.0800|48.6400
D|542023611|10188551|6|6.0800|36.4800
D|542023611|10188552|8|6.0800|48.6400
D|542023611|10188553|8|6.0800|48.6400
D|542023611|10188621|6|6.0800|36.4800
D|542023611|10188622|8|6.0800|48.6400
D|542023611|10188623|8|6.0800|48.6400
D|542023611|10188801|6|6.0800|36.4800
D|542023611|10188802|6|6.0800|36.4800
D|542023611|10188803|6|6.0800|36.4800
D|542023611|10386011|4|9.3900|37.5600
D|542023611|10386012|4|9.3900|37.5600
D|542023611|10386013|4|9.3900|37.5600
D|542023611|10386031|4|9.3900|37.5600
D|542023611|10386032|4|9.3900|37.5600
D|542023611|10386033|4|9.3900|37.5600
D|542023611|10386471|4|9.3900|37.5600
D|542023611|10386472|4|9.3900|37.5600
D|542023611|10386473|4|9.3900|37.5600
D|542023611|10386621|4|9.3900|37.5600
D|542023611|10386622|4|9.3900|37.5600
D|542023611|10386623|4|9.3900|37.5600
D|542023611|10386801|4|9.3900|37.5600
D|542023611|10386802|4|9.3900|37.5600
D|542023611|10386803|4|9.3900|37.5600
D|542023612|10010012|2|5.7000|11.4000
D|542023612|10010013|2|5.7000|11.4000
D|542023612|10010032|2|5.7000|11.4000
D|542023612|10010033|2|5.7000|11.4000
D|542023612|10010042|2|5.7000|11.4000
D|542023612|10010043|2|5.7000|11.4000
D|542023612|10010262|2|5.7000|11.4000
D|542023612|10010263|2|5.7000|11.4000
D|542023612|10010292|2|5.7000|11.4000
D|542023612|10010293|2|5.7000|11.4000
D|542023612|10010622|2|5.7000|11.4000
D|542023612|10010623|2|5.7000|11.4000
D|542023612|10069011|2|7.9400|15.8800
D|542023612|10069012|2|7.9400|15.8800
D|542023612|10069013|2|7.9400|15.8800
D|542023612|10069031|2|7.9400|15.8800
D|542023612|10069032|2|7.9400|15.8800
D|542023612|10069033|2|7.9400|15.8800
D|542023612|10069101|2|7.9400|15.8800
D|542023612|10069102|2|7.9400|15.8800
D|542023612|10069103|2|7.9400|15.8800
D|542023612|10069211|2|7.9400|15.8800
D|542023612|10069212|2|7.9400|15.8800
D|542023612|10069213|2|7.9400|15.8800
D|542023612|10069471|2|7.9400|15.8800
D|542023612|10069472|2|7.9400|15.8800
D|542023612|10069473|2|7.9400|15.8800
D|542023612|10069551|2|7.9400|15.8800
D|542023612|10069552|2|7.9400|15.8800
D|542023612|10069553|2|7.9400|15.8800
D|542023612|10069621|2|7.9400|15.8800
D|542023612|10069622|2|7.9400|15.8800
D|542023612|10069623|2|7.9400|15.8800
D|542023612|10185012|3|7.2800|21.8400
D|542023612|10185042|3|7.2800|21.8400
D|542023612|10185092|3|7.2800|21.8400
D|542023612|10185122|3|7.2800|21.8400
D|542023612|10230031|3|16.6000|49.8000
D|542023612|10230032|3|16.6000|49.8000
D|542023612|10230033|3|16.6000|49.8000
D|542023612|10230621|3|16.6000|49.8000
D|542023612|10230622|3|16.6000|49.8000
D|542023612|10230623|3|16.6000|49.8000
D|542023612|10230801|2|16.6000|33.2000
D|542023612|10230802|2|16.6000|33.2000
D|542023612|10230803|2|16.6000|33.2000
D|542023612|10243622|3|54.8200|164.4600
D|542023612|10243623|3|54.8200|164.4600
D|542023612|10251561|3|7.6800|23.0400
D|542023612|10251563|3|7.6800|23.0400
D|542023612|10251641|3|7.6800|23.0400
D|542023612|10251643|3|7.6800|23.0400
D|542023612|10251651|3|7.6800|23.0400
D|542023612|10251653|3|7.6800|23.0400
D|542023612|10251661|3|7.6800|23.0400
D|542023612|10251663|3|7.6800|23.0400
D|542023612|10253011|3|7.7500|23.2500
D|542023612|10253031|3|7.7500|23.2500
D|542023612|10253091|3|7.7500|23.2500
D|542023612|10253601|3|7.7500|23.2500
D|542023612|10253621|3|7.7500|23.2500
D|542023612|10260012|6|11.2100|67.2600
D|542023612|10260602|6|11.2100|67.2600
D|542023612|10260622|6|11.2100|67.2600
D|542023612|10306033|3|8.4000|25.2000
D|542023612|10306123|3|8.4000|25.2000
D|542023612|10306603|3|8.4000|25.2000
D|542023612|10306803|3|8.4000|25.2000
D|542023612|10306813|3|8.4000|25.2000