F|2026-10-01|54
C|542023651|101345|04|precio9|0.00|0.0000|0.00|0.00|0.00|0|GENERADO|2026-10-01|54|0|0|0.0000
C|542023652|102402|04|precio9|6732.31|0.0000|6732.31|1211.82|7944.13|19|GENERADO|2026-10-01|54|0|0|0.0000
C|542023653|1012521|04|precio9|0.00|0.0000|0.00|0.00|0.00|0|GENERADO|2026-10-01|54|0|0|0.0000
C|542023654|1012521|04|precio9|5643.74|0.0000|5643.74|1015.87|6659.61|11|GENERADO|2026-10-01|54|0|0|0.0000
C|542023655|101162|04|precio9|4087.26|0.0000|4087.26|735.71|4822.97|20|GENERADO|2026-10-01|54|0|0|0.0000
C|542023656|102762|04|precio9|2075.18|0.0000|2075.18|373.53|2448.71|1|GENERADO|2026-10-01|54|0|0|0.0000
D|542023652|10010011|2|5.7000|11.4000
D|542023652|10010012|3|5.7000|17.1000
D|542023652|10010031|2|5.7000|11.4000
D|542023652|10010032|3|5.7000|17.1000
D|542023652|10010041|2|5.7000|11.4000
D|542023652|10010042|3|5.7000|17.1000
D|542023652|10010262|1|5.7000|5.7000
D|542023652|10010291|2|5.7000|11.4000
D|542023652|10010292|2|5.7000|11.4000
D|542023652|10026012|6|5.4800|32.8800
D|542023652|10026013|4|5.4800|21.9200
D|542023652|10026031|2|5.4800|10.9600
D|542023652|10026033|2|5.4800|10.9600
D|542023652|10026281|3|5.4800|16.4400
D|542023652|10026282|3|5.4800|16.4400
D|542023652|10026283|3|5.4800|16.4400
D|542023652|10026551|2|5.4800|10.9600
D|542023652|10026552|2|5.4800|10.9600
D|542023652|10026622|3|5.4800|16.4400
D|542023652|10041014|3|6.6700|20.0100
D|542023652|10041023|3|6.6700|20.0100
D|542023652|10041024|3|6.6700|20.0100
D|542023652|10041032|2|6.6700|13.3400
D|542023652|10041033|3|6.6700|20.0100
D|542023652|10041034|3|6.6700|20.0100
D|542023652|10041092|2|6.6700|13.3400
D|542023652|10041093|3|6.6700|20.0100
D|542023652|10041094|2|6.6700|13.3400
D|542023652|10041103|3|6.6700|20.0100
D|542023652|10041804|2|6.6700|13.3400
D|542023652|10051032|3|5.9700|17.9100
D|542023652|10051033|2|5.9700|11.9400
D|542023652|10051432|2|5.9700|11.9400
D|542023652|10051433|2|5.9700|11.9400
D|542023652|10051562|2|5.9700|11.9400
D|542023652|10051563|2|5.9700|11.9400
D|542023652|10051643|2|5.9700|11.9400
D|542023652|10051662|2|5.9700|11.9400
D|542023652|10051663|2|5.9700|11.9400
D|542023652|10060012|2|8.9700|17.9400
D|542023652|10060014|2|8.9700|17.9400
D|542023652|10060022|2|8.9700|17.9400
D|542023652|10060024|3|8.9700|26.9100
D|542023652|10060032|2|8.9700|17.9400
D|542023652|10060294|2|8.9700|17.9400
D|542023652|10060451|2|8.9700|17.9400
D|542023652|10060452|3|8.9700|26.9100
D|542023652|10060453|3|8.9700|26.9100
D|542023652|10060454|2|8.9700|17.9400
D|542023652|10140012|2|6.0600|12.1200
D|542023652|10140101|2|6.0600|12.1200
D|542023652|10140103|2|6.0600|12.1200
D|542023652|10140281|3|6.0600|18.1800
D|542023652|10140282|3|6.0600|18.1800
D|542023652|10140472|3|6.0600|18.1800
D|542023652|10140473|3|6.0600|18.1800
D|542023652|10140552|2|6.0600|12.1200
D|542023652|10140553|3|6.0600|18.1800
D|542023652|10140622|2|6.0600|12.1200
D|542023652|10140623|3|6.0600|18.1800
D|542023652|10185042|2|7.2800|14.5600
D|542023652|10185092|2|7.2800|14.5600
D|542023652|10185122|2|7.2800|14.5600
D|542023652|10197021|2|21.1900|42.3800
D|542023652|10197022|1|21.1900|21.1900
D|542023652|10197023|3|21.1900|63.5700
D|542023652|10197024|2|21.1900|42.3800
D|542023652|10197033|2|21.1900|42.3800
D|542023652|10197034|3|21.1900|63.5700
D|542023652|10203013|3|7.0300|21.0900
D|542023652|10203033|3|7.0300|21.0900
D|542023652|10203563|2|7.0300|14.0600
D|542023652|10203653|2|7.0300|14.0600
D|542023652|10205033|3|13.5600|40.6800
D|542023652|10205123|3|13.5600|40.6800
D|542023652|10205622|3|13.5600|40.6800
D|542023652|10205623|3|13.5600|40.6800
D|542023652|10205624|3|13.5600|40.6800
D|542023652|10206022|4|50.5500|202.2000
D|542023652|10206023|6|50.5500|303.3000
D|542023652|10206024|2|50.5500|101.1000
D|542023652|10206031|2|50.5500|101.1000
D|542023652|10206032|3|50.5500|151.6500
D|542023652|10206033|6|50.5500|303.3000
D|542023652|10229621|4|18.2900|73.1600
D|542023652|10229622|4|18.2900|73.1600
D|542023652|10230031|3|16.6000|49.8000
D|542023652|10230032|2|16.6000|33.2000
D|542023652|10230033|3|16.6000|49.8000
D|542023652|10230621|2|16.6000|33.2000
D|542023652|10230622|2|16.6000|33.2000
D|542023652|10231012|2|15.6900|31.3800
D|542023652|10231014|2|15.6900|31.3800
D|542023652|10231033|4|15.6900|62.7600
D|542023652|10231034|2|15.6900|31.3800
D|542023652|10231623|4|15.6900|62.7600
D|542023652|10231624|4|15.6900|62.7600
D|542023652|10231803|1|15.6900|15.6900
D|542023652|10243032|1|54.8200|54.8200
D|542023652|10243033|2|54.8200|109.6400
D|542023652|10243622|1|54.8200|54.8200
D|542023652|10243623|3|54.8200|164.4600
D|542023652|10251561|2|7.6800|15.3600
D|542023652|10251562|2|7.6800|15.3600
D|542023652|10251563|2|7.6800|15.3600
D|542023652|10251641|2|7.6800|15.3600
D|542023652|10251642|2|7.6800|15.3600
D|542023652|10251643|2|7.6800|15.3600
D|542023652|10251651|2|7.6800|15.3600
D|542023652|10251652|2|7.6800|15.3600
D|542023652|10251653|2|7.6800|15.3600
D|542023652|10251661|2|7.6800|15.3600
D|542023652|10251662|2|7.6800|15.3600
D|542023652|10251663|2|7.6800|15.3600
D|542023652|10253032|3|7.7500|23.2500
D|542023652|10253033|3|7.7500|23.2500
D|542023652|10253093|2|7.7500|15.5000
D|542023652|10253601|2|7.7500|15.5000
D|542023652|10253603|2|7.7500|15.5000
D|542023652|10253621|2|7.7500|15.5000
D|542023652|10253622|3|7.7500|23.2500
D|542023652|10253623|1|7.7500|7.7500
D|542023652|10273012|2|7.9400|15.8800
D|542023652|10273013|2|7.9400|15.8800
D|542023652|10273033|2|7.9400|15.8800
D|542023652|10273281|2|7.9400|15.8800
D|542023652|10273282|2|7.9400|15.8800
D|542023652|10273283|2|7.9400|15.8800
D|542023652|10290014|1|28.4600|28.4600
D|542023652|10290804|1|28.4600|28.4600
D|542023652|10290805|2|28.4600|56.9200
D|542023652|10290814|2|28.4600|56.9200
D|542023652|10290815|2|28.4600|56.9200
D|542023652|10290816|2|28.4600|56.9200
D|542023652|10291013|3|11.7400|35.2200
D|542023652|10291032|3|11.7400|35.2200
D|542023652|10291033|2|11.7400|23.4800
D|542023652|10291802|2|11.7400|23.4800
D|542023652|10291812|3|11.7400|35.2200
D|542023652|10291813|3|11.7400|35.2200
D|542023652|10293552|2|8.6800|17.3600
D|542023652|10293621|2|8.6800|17.3600
D|542023652|10293622|3|8.6800|26.0400
D|542023652|10293623|3|8.6800|26.0400
D|542023652|10293811|3|8.6800|26.0400
D|542023652|10293812|3|8.6800|26.0400
D|542023652|10296103|3|8.8500|26.5500
D|542023652|10296282|3|8.8500|26.5500
D|542023652|10296283|3|8.8500|26.5500
D|542023652|10296473|1|8.8500|8.8500
D|542023652|10296802|2|8.8500|17.7000
D|542023652|10304012|4|8.9700|35.8800
D|542023652|10304013|4|8.9700|35.8800
D|542023652|10304092|4|8.9700|35.8800
D|542023652|10304093|4|8.9700|35.8800
D|542023652|10304622|4|8.9700|35.8800
D|542023652|10304623|4|8.9700|35.8800
D|542023652|10306811|2|8.4000|16.8000
D|542023652|10306812|3|8.4000|25.2000
D|542023652|10306813|3|8.4000|25.2000
D|542023652|10311623|2|57.4600|114.9200
D|542023652|10311624|2|57.4600|114.9200
D|542023652|10314032|3|8.1400|24.4200
D|542023652|10314033|2|8.1400|16.2800
D|542023652|10314123|2|8.1400|16.2800
D|542023652|10314602|2|8.1400|16.2800
D|542023652|10330012|3|12.1400|36.4200
D|542023652|10330013|2|12.1400|24.2800
D|542023652|10330033|2|12.1400|24.2800
D|542023652|10330432|3|12.1400|36.4200
D|542023652|10330801|2|12.1400|24.2800
D|542023652|10330802|2|12.1400|24.2800
D|542023652|10330803|3|12.1400|36.4200
D|542023652|10338012|4|9.9600|39.8400
D|542023652|10338032|4|9.9600|39.8400
D|542023652|10338802|2|9.9600|19.9200
D|542023652|10338812|4|9.9600|39.8400
D|542023652|10340011|3|11.0200|33.0600
D|542023652|10340032|2|11.0200|22.0400
D|542023652|10352011|2|16.5300|33.0600
D|542023652|10352033|3|16.5300|49.5900
D|542023652|10352034|3|16.5300|49.5900
D|542023652|10367013|2|10.2400|20.4800
D|542023652|10367014|3|10.2400|30.7200
D|542023652|10379014|2|12.1500|24.3000
D|542023652|10379033|3|12.1500|36.4500
D|542023652|10379034|3|12.1500|36.4500
D|542023652|10379621|2|12.1500|24.3000
D|542023652|10379622|3|12.1500|36.4500
D|542023652|10379624|3|12.1500|36.4500
D|542023652|10379801|1|12.1500|12.1500
D|542023652|10379802|2|12.1500|24.3000
D|542023652|10379803|2|12.1500|24.3000
D|542023652|10379804|2|12.1500|24.3000
D|542023652|10380011|1|6.9900|6.9900
D|542023652|10380012|2|6.9900|13.9800
D|542023652|10380031|1|6.9900|6.9900
D|542023652|10380033|3|6.9900|20.9700
D|542023652|10380041|2|6.9900|13.9800
D|542023652|10380551|2|6.9900|13.9800
D|542023652|10386011|2|9.3900|18.7800
D|542023652|10386013|2|9.3900|18.7800
D|542023652|10386031|3|9.3900|28.1700
D|542023652|10386033|3|9.3900|28.1700
D|542023652|10386471|3|9.3900|28.1700
D|542023652|10386473|2|9.3900|18.7800
D|542023652|10386801|2|9.3900|18.7800
D|542023652|10386803|2|9.3900|18.7800
D|542023652|10387011|2|9.1800|18.3600
D|542023652|10387012|4|9.1800|36.7200
D|542023652|10387031|2|9.1800|18.3600
D|542023652|10387032|2|9.1800|18.3600
D|542023652|10387472|2|9.1800|18.3600
D|542023652|10387621|1|9.1800|9.1800
D|542023652|10387802|3|9.1800|27.5400
D|542023654|10056013|4|25.1600|100.6400
D|542023654|10056014|2|25.1600|50.3200
D|542023654|10056015|2|25.1600|50.3200
D|542023654|10056033|2|25.1600|50.3200
D|542023654|10056035|2|25.1600|50.3200
D|542023654|10056473|2|25.1600|50.3200
D|542023654|10056474|1|25.1600|25.1600
D|542023654|10056476|1|25.1600|25.1600
D|542023654|10056553|2|25.1600|50.3200
D|542023654|10056555|2|25.1600|50.3200
D|542023654|10056623|2|25.1600|50.3200
D|542023654|10056624|1|25.1600|25.1600
D|542023654|10056625|2|25.1600|50.3200
D|542023654|10062015|3|29.1300|87.3900
D|542023654|10062035|3|29.1300|87.3900
D|542023654|10062036|2|29.1300|58.2600
D|542023654|10062624|4|29.1300|116.5200
D|542023654|10062625|2|29.1300|58.2600
D|542023654|10219011|2|7.1000|14.2000
D|542023654|10219031|2|7.1000|14.2000
D|542023654|10219032|2|7.1000|14.2000
D|542023654|10219211|2|7.1000|14.2000
D|542023654|10219213|2|7.1000|14.2000
D|542023654|10219551|2|7.1000|14.2000
D|542023654|10219552|2|7.1000|14.2000
D|542023654|10229031|4|18.2900|73.1600
D|542023654|10229032|4|18.2900|73.1600
D|542023654|10229033|4|18.2900|73.1600
D|542023654|10229622|6|18.2900|109.7400
D|542023654|10229623|4|18.2900|73.1600
D|542023654|10229801|2|18.2900|36.5800
D|542023654|10229802|2|18.2900|36.5800
D|542023654|10229803|2|18.2900|36.5800
D|542023654|10229804|2|18.2900|36.5800
D|542023654|10231011|3|15.6900|47.0700
D|542023654|10231012|3|15.6900|47.0700
D|542023654|10231013|3|15.6900|47.0700
D|542023654|10231031|3|15.6900|47.0700
D|542023654|10231032|3|15.6900|47.0700
D|542023654|10231033|3|15.6900|47.0700
D|542023654|10231621|3|15.6900|47.0700
D|542023654|10231622|3|15.6900|47.0700
D|542023654|10231623|3|15.6900|47.0700
D|542023654|10231804|2|15.6900|31.3800
D|542023654|10251641|2|7.6800|15.3600
D|542023654|10251642|2|7.6800|15.3600
D|542023654|10251661|2|7.6800|15.3600
D|542023654|10260013|3|11.2100|33.6300
D|542023654|10260623|3|11.2100|33.6300
D|542023654|10261015|3|23.3100|69.9300
D|542023654|10261016|6|23.3100|139.8600
D|542023654|10261017|6|23.3100|139.8600
D|542023654|10261625|3|23.3100|69.9300
D|542023654|10261626|6|23.3100|139.8600
D|542023654|10261627|6|23.3100|139.8600
D|542023654|10348033|2|19.4900|38.9800
D|542023654|10348624|2|19.4900|38.9800
D|542023654|10352011|2|16.5300|33.0600
D|542023654|10352012|3|16.5300|49.5900
D|542023654|10352014|1|16.5300|16.5300
D|542023654|10352031|3|16.5300|49.5900
D|542023654|10352032|3|16.5300|49.5900
D|542023654|10352033|2|16.5300|33.0600
D|542023654|10352034|1|16.5300|16.5300
D|542023654|10352621|2|16.5300|33.0600
D|542023654|10352622|3|16.5300|49.5900
D|542023654|10352623|2|16.5300|33.0600
D|542023654|10352624|1|16.5300|16.5300
D|542023654|10352801|3|16.5300|49.5900
D|542023654|10352802|3|16.5300|49.5900
D|542023654|10352803|2|16.5300|33.0600
D|542023654|10352804|1|16.5300|16.5300
D|542023654|10372015|3|31.7800|95.3400
D|542023654|10372016|6|31.7800|190.6800
D|542023654|10372017|6|31.7800|190.6800
D|542023654|10372035|3|31.7800|95.3400
D|542023654|10372036|6|31.7800|190.6800
D|542023654|10372037|6|31.7800|190.6800
D|542023654|10372625|3|31.7800|95.3400
D|542023654|10372626|6|31.7800|190.6800
D|542023654|10372627|6|31.7800|190.6800
D|542023654|10376031|2|29.6600|59.3200
D|542023654|10376032|2|29.6600|59.3200
D|542023654|10376033|2|29.6600|59.3200
D|542023654|10376621|2|29.6600|59.3200
D|542023654|10376622|2|29.6600|59.3200
D|542023654|10376623|2|29.6600|59.3200
D|542023654|10379013|3|12.1500|36.4500
D|542023654|10379032|2|12.1500|24.3000
D|542023654|10379033|3|12.1500|36.4500
D|542023654|10379621|3|12.1500|36.4500
D|542023654|10379622|6|12.1500|72.9000
D|542023654|10379623|6|12.1500|72.9000
D|542023654|10386471|2|9.3900|18.7800
D|542023655|10029011|1|7.8500|7.8500
D|542023655|10029012|2|7.8500|15.7000
D|542023655|10029013|2|7.8500|15.7000
D|542023655|10029014|2|7.8500|15.7000
D|542023655|10029021|1|7.8500|7.8500
D|542023655|10029022|2|7.8500|15.7000
D|542023655|10029023|2|7.8500|15.7000
D|542023655|10029024|2|7.8500|15.7000
D|542023655|10029031|1|7.8500|7.8500
D|542023655|10029032|2|7.8500|15.7000
D|542023655|10029033|2|7.8500|15.7000
D|542023655|10029034|2|7.8500|15.7000
D|542023655|10029091|1|7.8500|7.8500
D|542023655|10029092|2|7.8500|15.7000
D|542023655|10029093|2|7.8500|15.7000
D|542023655|10029094|2|7.8500|15.7000
D|542023655|10029451|1|7.8500|7.8500
D|542023655|10029452|2|7.8500|15.7000
D|542023655|10029453|2|7.8500|15.7000
D|542023655|10029454|1|7.8500|7.8500
D|542023655|10040011|2|6.7500|13.5000
D|542023655|10040012|2|6.7500|13.5000
D|542023655|10040013|2|6.7500|13.5000
D|542023655|10040031|2|6.7500|13.5000
D|542023655|10040032|2|6.7500|13.5000
D|542023655|10040033|2|6.7500|13.5000
D|542023655|10040101|2|6.7500|13.5000
D|542023655|10040102|2|6.7500|13.5000
D|542023655|10040103|2|6.7500|13.5000
D|542023655|10040471|2|6.7500|13.5000
D|542023655|10040472|2|6.7500|13.5000
D|542023655|10040473|2|6.7500|13.5000
D|542023655|10040551|2|6.7500|13.5000
D|542023655|10040552|2|6.7500|13.5000
D|542023655|10040553|2|6.7500|13.5000
D|542023655|10040621|2|6.7500|13.5000
D|542023655|10040622|2|6.7500|13.5000
D|542023655|10040623|2|6.7500|13.5000
D|542023655|10040801|1|6.7500|6.7500
D|542023655|10040802|1|6.7500|6.7500
D|542023655|10040803|1|6.7500|6.7500
D|542023655|10044014|2|21.3500|42.7000
D|542023655|10044015|2|21.3500|42.7000
D|542023655|10044016|2|21.3500|42.7000
D|542023655|10044017|2|21.3500|42.7000
D|542023655|10044024|2|21.3500|42.7000
D|542023655|10044025|2|21.3500|42.7000
D|542023655|10044026|2|21.3500|42.7000
D|542023655|10044027|2|21.3500|42.7000
D|542023655|10044034|2|21.3500|42.7000
D|542023655|10044036|2|21.3500|42.7000
D|542023655|10044037|2|21.3500|42.7000
D|542023655|10051012|2|5.9700|11.9400
D|542023655|10051013|2|5.9700|11.9400
D|542023655|10051031|1|5.9700|5.9700
D|542023655|10051032|1|5.9700|5.9700
D|542023655|10051033|1|5.9700|5.9700
D|542023655|10051561|1|5.9700|5.9700
D|542023655|10051562|1|5.9700|5.9700
D|542023655|10051563|1|5.9700|5.9700
D|542023655|10051641|1|5.9700|5.9700
D|542023655|10051642|1|5.9700|5.9700
D|542023655|10051643|1|5.9700|5.9700
D|542023655|10051661|1|5.9700|5.9700
D|542023655|10051662|1|5.9700|5.9700
D|542023655|10051663|1|5.9700|5.9700
D|542023655|10060012|3|8.9700|26.9100
D|542023655|10060013|3|8.9700|26.9100
D|542023655|10060014|3|8.9700|26.9100
D|542023655|10060021|1|8.9700|8.9700
D|542023655|10060022|3|8.9700|26.9100
D|542023655|10060023|3|8.9700|26.9100
D|542023655|10060024|3|8.9700|26.9100
D|542023655|10060031|1|8.9700|8.9700
D|542023655|10060032|3|8.9700|26.9100
D|542023655|10060033|3|8.9700|26.9100
D|542023655|10060034|3|8.9700|26.9100
D|542023655|10060291|2|8.9700|17.9400
D|542023655|10060292|3|8.9700|26.9100
D|542023655|10060293|3|8.9700|26.9100
D|542023655|10060294|3|8.9700|26.9100
D|542023655|10060451|1|8.9700|8.9700
D|542023655|10060452|2|8.9700|17.9400
D|542023655|10060453|2|8.9700|17.9400
D|542023655|10060454|2|8.9700|17.9400
D|542023655|10062014|2|29.1300|58.2600
D|542023655|10062015|2|29.1300|58.2600
D|542023655|10062016|2|29.1300|58.2600
D|542023655|10062034|2|29.1300|58.2600
D|542023655|10062035|2|29.1300|58.2600
D|542023655|10062036|2|29.1300|58.2600
D|542023655|10062624|2|29.1300|58.2600
D|542023655|10062625|2|29.1300|58.2600
D|542023655|10062626|2|29.1300|58.2600
D|542023655|10089012|2|11.6100|23.2200
D|542023655|10089013|2|11.6100|23.2200
D|542023655|10089014|2|11.6100|23.2200
D|542023655|10089015|2|11.6100|23.2200
D|542023655|10089022|2|11.6100|23.2200
D|542023655|10089023|2|11.6100|23.2200
D|542023655|10089024|2|11.6100|23.2200
D|542023655|10089025|2|11.6100|23.2200
D|542023655|10089032|2|11.6100|23.2200
D|542023655|10089033|2|11.6100|23.2200
D|542023655|10089034|2|11.6100|23.2200
D|542023655|10089035|2|11.6100|23.2200
D|542023655|10089092|2|11.6100|23.2200
D|542023655|10089093|2|11.6100|23.2200
D|542023655|10089094|2|11.6100|23.2200
D|542023655|10089095|2|11.6100|23.2200
D|542023655|10089432|1|11.6100|11.6100
D|542023655|10089433|1|11.6100|11.6100
D|542023655|10089434|1|11.6100|11.6100
D|542023655|10089435|1|11.6100|11.6100
D|542023655|10089452|1|11.6100|11.6100
D|542023655|10089453|2|11.6100|23.2200
D|542023655|10089454|2|11.6100|23.2200
D|542023655|10089455|1|11.6100|11.6100
D|542023655|10116014|2|21.7000|43.4000
D|542023655|10116015|2|21.7000|43.4000
D|542023655|10116016|2|21.7000|43.4000
D|542023655|10116017|1|21.7000|21.7000
D|542023655|10116018|2|21.7000|43.4000
D|542023655|10116034|2|21.7000|43.4000
D|542023655|10116035|2|21.7000|43.4000
D|542023655|10116036|2|21.7000|43.4000
D|542023655|10116037|2|21.7000|43.4000
D|542023655|10116038|2|21.7000|43.4000
D|542023655|10116624|2|21.7000|43.4000
D|542023655|10116625|2|21.7000|43.4000
D|542023655|10116626|2|21.7000|43.4000
D|542023655|10116627|2|21.7000|43.4000
D|542023655|10116628|1|21.7000|21.7000
D|542023655|10116804|1|21.7000|21.7000
D|542023655|10116805|1|21.7000|21.7000
D|542023655|10116806|1|21.7000|21.7000
D|542023655|10116807|1|21.7000|21.7000
D|542023655|10116808|1|21.7000|21.7000
D|542023655|10197021|2|21.1900|42.3800
D|542023655|10197022|2|21.1900|42.3800
D|542023655|10197023|3|21.1900|63.5700
D|542023655|10197024|3|21.1900|63.5700
D|542023655|10197031|2|21.1900|42.3800
D|542023655|10197032|2|21.1900|42.3800
D|542023655|10197033|3|21.1900|63.5700
D|542023655|10197034|3|21.1900|63.5700
D|542023655|10230031|1|16.6000|16.6000
D|542023655|10230032|1|16.6000|16.6000
D|542023655|10230033|1|16.6000|16.6000
D|542023655|10230621|1|16.6000|16.6000
D|542023655|10230622|1|16.6000|16.6000
D|542023655|10230623|1|16.6000|16.6000
D|542023655|10230801|1|16.6000|16.6000
D|542023655|10230802|1|16.6000|16.6000
D|542023655|10230803|1|16.6000|16.6000
D|542023655|10260012|2|11.2100|22.4200
D|542023655|10260013|3|11.2100|33.6300
D|542023655|10260014|3|11.2100|33.6300
D|542023655|10260602|2|11.2100|22.4200
D|542023655|10260603|3|11.2100|33.6300
D|542023655|10260604|3|11.2100|33.6300
D|542023655|10260622|2|11.2100|22.4200
D|542023655|10260623|3|11.2100|33.6300
D|542023655|10260624|3|11.2100|33.6300
D|542023656|10026011|2|5.4800|10.9600
D|542023656|10026012|2|5.4800|10.9600
D|542023656|10026013|2|5.4800|10.9600
D|542023656|10026021|2|5.4800|10.9600
D|542023656|10026022|2|5.4800|10.9600
D|542023656|10026023|2|5.4800|10.9600
D|542023656|10026031|2|5.4800|10.9600
D|542023656|10026032|2|5.4800|10.9600
D|542023656|10026033|2|5.4800|10.9600
D|542023656|10026071|1|5.4800|5.4800
D|542023656|10026072|1|5.4800|5.4800
D|542023656|10026073|1|5.4800|5.4800
D|542023656|10026101|2|5.4800|10.9600
D|542023656|10026102|2|5.4800|10.9600
D|542023656|10026103|2|5.4800|10.9600
D|542023656|10026471|2|5.4800|10.9600
D|542023656|10026472|2|5.4800|10.9600
D|542023656|10026473|2|5.4800|10.9600
D|542023656|10026551|1|5.4800|5.4800
D|542023656|10026552|1|5.4800|5.4800
D|542023656|10026553|1|5.4800|5.4800
D|542023656|10026621|2|5.4800|10.9600
D|542023656|10026622|2|5.4800|10.9600
D|542023656|10026623|2|5.4800|10.9600
D|542023656|10026801|1|5.4800|5.4800
D|542023656|10026802|1|5.4800|5.4800
D|542023656|10026803|1|5.4800|5.4800
D|542023656|10041011|2|6.6700|13.3400
D|542023656|10041012|2|6.6700|13.3400
D|542023656|10041013|2|6.6700|13.3400
D|542023656|10041021|2|6.6700|13.3400
D|542023656|10041022|2|6.6700|13.3400
D|542023656|10041023|2|6.6700|13.3400
D|542023656|10041031|2|6.6700|13.3400
D|542023656|10041032|2|6.6700|13.3400
D|542023656|10041033|2|6.6700|13.3400
D|542023656|10041091|2|6.6700|13.3400
D|542023656|10041092|2|6.6700|13.3400
D|542023656|10041093|2|6.6700|13.3400
D|542023656|10041101|2|6.6700|13.3400
D|542023656|10041102|2|6.6700|13.3400
D|542023656|10041103|2|6.6700|13.3400
D|542023656|10041801|2|6.6700|13.3400
D|542023656|10041802|2|6.6700|13.3400
D|542023656|10041803|2|6.6700|13.3400
D|542023656|10064011|2|6.5400|13.0800
D|542023656|10064012|2|6.5400|13.0800
D|542023656|10064013|2|6.5400|13.0800
D|542023656|10064031|2|6.5400|13.0800
D|542023656|10064032|2|6.5400|13.0800
D|542023656|10064033|2|6.5400|13.0800
D|542023656|10064101|2|6.5400|13.0800
D|542023656|10064102|2|6.5400|13.0800
D|542023656|10064103|2|6.5400|13.0800
D|542023656|10064221|2|6.5400|13.0800
D|542023656|10064222|2|6.5400|13.0800
D|542023656|10064223|2|6.5400|13.0800
D|542023656|10064261|2|6.5400|13.0800
D|542023656|10064262|2|6.5400|13.0800
D|542023656|10064263|2|6.5400|13.0800
D|542023656|10064621|2|6.5400|13.0800
D|542023656|10064622|2|6.5400|13.0800
D|542023656|10064623|2|6.5400|13.0800
D|542023656|10064801|2|6.5400|13.0800
D|542023656|10064802|2|6.5400|13.0800
D|542023656|10064803|2|6.5400|13.0800
D|542023656|10069011|1|7.9400|7.9400
D|542023656|10069012|2|7.9400|15.8800
D|542023656|10069013|1|7.9400|7.9400
D|542023656|10069031|1|7.9400|7.9400
D|542023656|10069032|2|7.9400|15.8800
D|542023656|10069033|1|7.9400|7.9400
D|542023656|10069101|1|7.9400|7.9400
D|542023656|10069102|2|7.9400|15.8800
D|542023656|10069103|1|7.9400|7.9400
D|542023656|10069211|1|7.9400|7.9400
D|542023656|10069212|2|7.9400|15.8800
D|542023656|10069213|1|7.9400|7.9400
D|542023656|10069471|1|7.9400|7.9400
D|542023656|10069472|2|7.9400|15.8800
D|542023656|10069473|1|7.9400|7.9400
D|542023656|10069551|1|7.9400|7.9400
D|542023656|10069552|2|7.9400|15.8800
D|542023656|10069553|1|7.9400|7.9400
D|542023656|10069621|1|7.9400|7.9400
D|542023656|10069622|2|7.9400|15.8800
D|542023656|10069623|1|7.9400|7.9400
D|542023656|10140011|2|6.0600|12.1200
D|542023656|10140012|2|6.0600|12.1200
D|542023656|10140013|2|6.0600|12.1200
D|542023656|10140031|2|6.0600|12.1200
D|542023656|10140032|2|6.0600|12.1200
D|542023656|10140033|2|6.0600|12.1200
D|542023656|10140071|1|6.0600|6.0600
D|542023656|10140072|1|6.0600|6.0600
D|542023656|10140073|1|6.0600|6.0600
D|542023656|10140101|2|6.0600|12.1200
D|542023656|10140102|2|6.0600|12.1200
D|542023656|10140103|2|6.0600|12.1200
D|542023656|10140471|2|6.0600|12.1200
D|542023656|10140472|2|6.0600|12.1200
D|542023656|10140473|2|6.0600|12.1200
D|542023656|10140551|1|6.0600|6.0600
D|542023656|10140552|1|6.0600|6.0600
D|542023656|10140553|1|6.0600|6.0600
D|542023656|10140621|2|6.0600|12.1200
D|542023656|10140622|2|6.0600|12.1200
D|542023656|10140623|2|6.0600|12.1200
D|542023656|10140801|1|6.0600|6.0600
D|542023656|10140802|1|6.0600|6.0600
D|542023656|10140803|1|6.0600|6.0600
D|542023656|10251561|1|7.6800|7.6800
D|542023656|10251562|1|7.6800|7.6800
D|542023656|10251563|1|7.6800|7.6800
D|542023656|10251641|1|7.6800|7.6800
D|542023656|10251642|1|7.6800|7.6800
D|542023656|10251643|1|7.6800|7.6800
D|542023656|10251651|1|7.6800|7.6800
D|542023656|10251652|1|7.6800|7.6800
D|542023656|10251653|1|7.6800|7.6800
D|542023656|10251661|1|7.6800|7.6800
D|542023656|10251662|1|7.6800|7.6800
D|542023656|10251663|1|7.6800|7.6800
D|542023656|10288011|1|8.3200|8.3200
D|542023656|10288012|1|8.3200|8.3200
D|542023656|10288013|1|8.3200|8.3200
D|542023656|10288031|1|8.3200|8.3200
D|542023656|10288032|1|8.3200|8.3200
D|542023656|10288033|1|8.3200|8.3200
D|542023656|10288431|1|8.3200|8.3200
D|542023656|10288432|1|8.3200|8.3200
D|542023656|10288433|1|8.3200|8.3200
D|542023656|10288621|1|8.3200|8.3200
D|542023656|10288622|1|8.3200|8.3200
D|542023656|10288623|1|8.3200|8.3200
D|542023656|10288801|1|8.3200|8.3200
D|542023656|10288802|1|8.3200|8.3200
D|542023656|10288803|1|8.3200|8.3200
D|542023656|10336011|2|9.0400|18.0800
D|542023656|10336012|2|9.0400|18.0800
D|542023656|10336013|2|9.0400|18.0800
D|542023656|10336031|2|9.0400|18.0800
D|542023656|10336032|2|9.0400|18.0800
D|542023656|10336033|2|9.0400|18.0800
D|542023656|10336801|2|9.0400|18.0800
D|542023656|10336802|2|9.0400|18.0800
D|542023656|10336803|2|9.0400|18.0800
D|542023656|10340011|2|11.0200|22.0400
D|542023656|10340012|2|11.0200|22.0400
D|542023656|10340013|2|11.0200|22.0400
D|542023656|10340031|2|11.0200|22.0400
D|542023656|10340032|2|11.0200|22.0400
D|542023656|10340033|2|11.0200|22.0400
D|542023656|10340621|2|11.0200|22.0400
D|542023656|10340622|2|11.0200|22.0400
D|542023656|10340623|2|11.0200|22.0400
D|542023656|10340801|2|11.0200|22.0400
D|542023656|10340802|2|11.0200|22.0400
D|542023656|10340803|2|11.0200|22.0400
D|542023656|10362041|1|7.2000|7.2000
D|542023656|10362042|1|7.2000|7.2000
D|542023656|10362043|1|7.2000|7.2000
D|542023656|10362561|1|7.2000|7.2000
D|542023656|10362562|1|7.2000|7.2000
D|542023656|10362563|1|7.2000|7.2000
D|542023656|10362651|1|7.2000|7.2000
D|542023656|10362652|1|7.2000|7.2000
D|542023656|10362653|1|7.2000|7.2000
D|542023656|10362661|1|7.2000|7.2000
D|542023656|10362662|1|7.2000|7.2000
D|542023656|10362663|1|7.2000|7.2000
D|542023656|10363044|1|20.7600|20.7600
D|542023656|10363045|1|20.7600|20.7600
D|542023656|10363046|1|20.7600|20.7600
D|542023656|10363654|1|20.7600|20.7600
D|542023656|10363655|1|20.7600|20.7600
D|542023656|10363656|1|20.7600|20.7600
