F|2026-09-30|53
C|532023835|103005|05|precio9|3705.50|0.0000|3705.50|666.99|4372.49|9|GENERADO|2026-09-30|53|0|0|0.0000
D|532023835|10140011|2|6.0600|12.1200
D|532023835|10140012|4|6.0600|24.2400
D|532023835|10140013|3|6.0600|18.1800
D|532023835|10140031|3|6.0600|18.1800
D|532023835|10140032|12|6.0600|72.7200
D|532023835|10140033|6|6.0600|36.3600
D|532023835|10140101|4|6.0600|24.2400
D|532023835|10140102|8|6.0600|48.4800
D|532023835|10140103|5|6.0600|30.3000
D|532023835|10140471|6|6.0600|36.3600
D|532023835|10140472|12|6.0600|72.7200
D|532023835|10140473|6|6.0600|36.3600
D|532023835|10140552|5|6.0600|30.3000
D|532023835|10140553|4|6.0600|24.2400
D|532023835|10140622|4|6.0600|24.2400
D|532023835|10140623|1|6.0600|6.0600
D|532023835|10140801|3|6.0600|18.1800
D|532023835|10140802|6|6.0600|36.3600
D|532023835|10140803|3|6.0600|18.1800
D|532023835|10165035|2|48.9400|97.8800
D|532023835|10165036|2|48.9400|97.8800
D|532023835|10165037|1|48.9400|48.9400
D|532023835|10165455|1|48.9400|48.9400
D|532023835|10165456|1|48.9400|48.9400
D|532023835|10165625|1|48.9400|48.9400
D|532023835|10165627|1|48.9400|48.9400
D|532023835|10188012|2|6.0800|12.1600
D|532023835|10188013|2|6.0800|12.1600
D|532023835|10188032|3|6.0800|18.2400
D|532023835|10188034|3|6.0800|18.2400
D|532023835|10188552|3|6.0800|18.2400
D|532023835|10188553|3|6.0800|18.2400
D|532023835|10188554|2|6.0800|12.1600
D|532023835|10188802|5|6.0800|30.4000
D|532023835|10188803|3|6.0800|18.2400
D|532023835|10188804|3|6.0800|18.2400
D|532023835|10219011|2|7.1000|14.2000
D|532023835|10219012|2|7.1000|14.2000
D|532023835|10219013|2|7.1000|14.2000
D|532023835|10219031|3|7.1000|21.3000
D|532023835|10219032|6|7.1000|42.6000
D|532023835|10219033|6|7.1000|42.6000
D|532023835|10219211|1|7.1000|7.1000
D|532023835|10219212|1|7.1000|7.1000
D|532023835|10219213|1|7.1000|7.1000
D|532023835|10219551|2|7.1000|14.2000
D|532023835|10219552|3|7.1000|21.3000
D|532023835|10219553|3|7.1000|21.3000
D|532023835|10352032|1|16.5300|16.5300
D|532023835|10352033|3|16.5300|49.5900
D|532023835|10352034|1|16.5300|16.5300
D|532023835|10352622|1|16.5300|16.5300
D|532023835|10352623|1|16.5300|16.5300
D|532023835|10352624|1|16.5300|16.5300
D|532023835|10352802|4|16.5300|66.1200
D|532023835|10352803|4|16.5300|66.1200
D|532023835|10352804|2|16.5300|33.0600
D|532023835|10380012|1|6.9900|6.9900
D|532023835|10380013|1|6.9900|6.9900
D|532023835|10380032|3|6.9900|20.9700
D|532023835|10380033|2|6.9900|13.9800
D|532023835|10380552|3|6.9900|20.9700
D|532023835|10380553|2|6.9900|13.9800
D|532023835|10380812|6|6.9900|41.9400
D|532023835|10380813|6|6.9900|41.9400
D|532023835|10385011|2|9.7500|19.5000
D|532023835|10385012|2|9.7500|19.5000
D|532023835|10385013|1|9.7500|9.7500
D|532023835|10385031|1|9.7500|9.7500
D|532023835|10385032|2|9.7500|19.5000
D|532023835|10385033|2|9.7500|19.5000
D|532023835|10385471|2|9.7500|19.5000
D|532023835|10385472|2|9.7500|19.5000
D|532023835|10385473|3|9.7500|29.2500
D|532023835|10385622|2|9.7500|19.5000
D|532023835|10385801|2|9.7500|19.5000
D|532023835|10385802|4|9.7500|39.0000
D|532023835|10385803|4|9.7500|39.0000
D|532023835|10386011|1|9.3900|9.3900
D|532023835|10386012|1|9.3900|9.3900
D|532023835|10386031|2|9.3900|18.7800
D|532023835|10386032|2|9.3900|18.7800
D|532023835|10386033|3|9.3900|28.1700
D|532023835|10386472|6|9.3900|56.3400
D|532023835|10386473|1|9.3900|9.3900
D|532023835|10386621|1|9.3900|9.3900
D|532023835|10386622|3|9.3900|28.1700
D|532023835|10386623|2|9.3900|18.7800
D|532023835|10386801|3|9.3900|28.1700
D|532023835|10386802|4|9.3900|37.5600
D|532023835|10386803|2|9.3900|18.7800
D|532023835|10387011|2|9.1800|18.3600
D|532023835|10387012|3|9.1800|27.5400
D|532023835|10387013|1|9.1800|9.1800
D|532023835|10387031|8|9.1800|73.4400
D|532023835|10387032|8|9.1800|73.4400
D|532023835|10387033|3|9.1800|27.5400
D|532023835|10387471|6|9.1800|55.0800
D|532023835|10387472|8|9.1800|73.4400
D|532023835|10387473|5|9.1800|45.9000
D|532023835|10387621|5|9.1800|45.9000
D|532023835|10387622|6|9.1800|55.0800
D|532023835|10387623|2|9.1800|18.3600
D|532023835|10387801|6|9.1800|55.0800
D|532023835|10387802|8|9.1800|73.4400
D|532023835|10387803|4|9.1800|36.7200
D|532023835|10389011|2|9.5800|19.1600
D|532023835|10389012|3|9.5800|28.7400
D|532023835|10389013|3|9.5800|28.7400
D|532023835|10389031|6|9.5800|57.4800
D|532023835|10389032|3|9.5800|28.7400
D|532023835|10389033|6|9.5800|57.4800
D|532023835|10389471|4|9.5800|38.3200
D|532023835|10389472|8|9.5800|76.6400
D|532023835|10389473|6|9.5800|57.4800
D|532023835|10389621|4|9.5800|38.3200
D|532023835|10389622|6|9.5800|57.4800
D|532023835|10389623|6|9.5800|57.4800