F|2026-09-29|54
C|542023647|1011439|04|precio9|10302.49|0.0000|10302.49|1854.45|12156.94|25|GENERADO|2026-09-29|54|0|0|0.0000
C|542023648|102133|04|precio9|3375.78|0.0000|3375.78|607.64|3983.42|11|GENERADO|2026-09-29|54|0|0|0.0000
D|542023647|10051011|2|5.9700|11.9400
D|542023647|10051012|2|5.9700|11.9400
D|542023647|10051013|2|5.9700|11.9400
D|542023647|10051031|2|5.9700|11.9400
D|542023647|10051032|2|5.9700|11.9400
D|542023647|10051033|2|5.9700|11.9400
D|542023647|10051221|2|5.9700|11.9400
D|542023647|10051222|2|5.9700|11.9400
D|542023647|10051223|2|5.9700|11.9400
D|542023647|10051431|2|5.9700|11.9400
D|542023647|10051432|2|5.9700|11.9400
D|542023647|10051433|2|5.9700|11.9400
D|542023647|10051561|2|5.9700|11.9400
D|542023647|10051562|2|5.9700|11.9400
D|542023647|10051563|2|5.9700|11.9400
D|542023647|10051641|2|5.9700|11.9400
D|542023647|10051642|2|5.9700|11.9400
D|542023647|10051643|2|5.9700|11.9400
D|542023647|10051661|2|5.9700|11.9400
D|542023647|10051662|2|5.9700|11.9400
D|542023647|10051663|2|5.9700|11.9400
D|542023647|10064281|6|6.5400|39.2400
D|542023647|10064282|6|6.5400|39.2400
D|542023647|10064283|6|6.5400|39.2400
D|542023647|10140011|2|6.0600|12.1200
D|542023647|10140012|2|6.0600|12.1200
D|542023647|10140013|2|6.0600|12.1200
D|542023647|10140031|2|6.0600|12.1200
D|542023647|10140032|2|6.0600|12.1200
D|542023647|10140033|2|6.0600|12.1200
D|542023647|10140071|2|6.0600|12.1200
D|542023647|10140072|2|6.0600|12.1200
D|542023647|10140073|2|6.0600|12.1200
D|542023647|10140101|2|6.0600|12.1200
D|542023647|10140102|2|6.0600|12.1200
D|542023647|10140103|2|6.0600|12.1200
D|542023647|10140281|6|6.0600|36.3600
D|542023647|10140282|6|6.0600|36.3600
D|542023647|10140283|6|6.0600|36.3600
D|542023647|10140471|2|6.0600|12.1200
D|542023647|10140472|2|6.0600|12.1200
D|542023647|10140473|2|6.0600|12.1200
D|542023647|10140551|2|6.0600|12.1200
D|542023647|10140552|2|6.0600|12.1200
D|542023647|10140553|2|6.0600|12.1200
D|542023647|10140621|2|6.0600|12.1200
D|542023647|10140622|2|6.0600|12.1200
D|542023647|10140623|2|6.0600|12.1200
D|542023647|10140801|2|6.0600|12.1200
D|542023647|10140802|2|6.0600|12.1200
D|542023647|10140803|2|6.0600|12.1200
D|542023647|10165014|1|48.9400|48.9400
D|542023647|10165015|1|48.9400|48.9400
D|542023647|10165016|1|48.9400|48.9400
D|542023647|10165017|1|48.9400|48.9400
D|542023647|10165034|1|48.9400|48.9400
D|542023647|10165035|1|48.9400|48.9400
D|542023647|10165036|1|48.9400|48.9400
D|542023647|10165037|1|48.9400|48.9400
D|542023647|10165454|1|48.9400|48.9400
D|542023647|10165455|1|48.9400|48.9400
D|542023647|10165456|1|48.9400|48.9400
D|542023647|10165457|1|48.9400|48.9400
D|542023647|10165624|1|48.9400|48.9400
D|542023647|10165625|1|48.9400|48.9400
D|542023647|10165626|1|48.9400|48.9400
D|542023647|10165627|1|48.9400|48.9400
D|542023647|10185011|2|7.2800|14.5600
D|542023647|10185012|2|7.2800|14.5600
D|542023647|10185013|2|7.2800|14.5600
D|542023647|10185041|2|7.2800|14.5600
D|542023647|10185042|2|7.2800|14.5600
D|542023647|10185043|2|7.2800|14.5600
D|542023647|10185091|2|7.2800|14.5600
D|542023647|10185092|2|7.2800|14.5600
D|542023647|10185093|2|7.2800|14.5600
D|542023647|10185121|2|7.2800|14.5600
D|542023647|10185122|2|7.2800|14.5600
D|542023647|10185123|2|7.2800|14.5600
D|542023647|10186013|1|32.0200|32.0200
D|542023647|10186014|1|32.0200|32.0200
D|542023647|10186015|1|32.0200|32.0200
D|542023647|10186016|1|32.0200|32.0200
D|542023647|10186043|1|32.0200|32.0200
D|542023647|10186044|1|32.0200|32.0200
D|542023647|10186045|1|32.0200|32.0200
D|542023647|10186046|1|32.0200|32.0200
D|542023647|10186093|1|32.0200|32.0200
D|542023647|10186094|1|32.0200|32.0200
D|542023647|10186095|1|32.0200|32.0200
D|542023647|10186096|1|32.0200|32.0200
D|542023647|10186123|1|32.0200|32.0200
D|542023647|10186124|1|32.0200|32.0200
D|542023647|10186125|1|32.0200|32.0200
D|542023647|10186126|1|32.0200|32.0200
D|542023647|10197021|2|21.1900|42.3800
D|542023647|10197022|3|21.1900|63.5700
D|542023647|10197023|3|21.1900|63.5700
D|542023647|10197024|2|21.1900|42.3800
D|542023647|10197031|2|21.1900|42.3800
D|542023647|10197032|3|21.1900|63.5700
D|542023647|10197033|3|21.1900|63.5700
D|542023647|10197034|2|21.1900|42.3800
D|542023647|10206021|2|50.5500|101.1000
D|542023647|10206022|2|50.5500|101.1000
D|542023647|10206023|2|50.5500|101.1000
D|542023647|10206024|2|50.5500|101.1000
D|542023647|10206031|2|50.5500|101.1000
D|542023647|10206032|2|50.5500|101.1000
D|542023647|10206033|2|50.5500|101.1000
D|542023647|10206034|2|50.5500|101.1000
D|542023647|10213021|1|21.1900|21.1900
D|542023647|10213022|2|21.1900|42.3800
D|542023647|10213023|2|21.1900|42.3800
D|542023647|10213024|2|21.1900|42.3800
D|542023647|10213031|1|21.1900|21.1900
D|542023647|10213032|2|21.1900|42.3800
D|542023647|10213033|2|21.1900|42.3800
D|542023647|10213034|2|21.1900|42.3800
D|542023647|10219011|2|7.1000|14.2000
D|542023647|10219012|2|7.1000|14.2000
D|542023647|10219013|2|7.1000|14.2000
D|542023647|10219031|2|7.1000|14.2000
D|542023647|10219032|2|7.1000|14.2000
D|542023647|10219033|2|7.1000|14.2000
D|542023647|10219211|2|7.1000|14.2000
D|542023647|10219212|2|7.1000|14.2000
D|542023647|10219213|2|7.1000|14.2000
D|542023647|10219551|2|7.1000|14.2000
D|542023647|10219552|2|7.1000|14.2000
D|542023647|10219553|2|7.1000|14.2000
D|542023647|10224213|1|26.9000|26.9000
D|542023647|10224214|1|26.9000|26.9000
D|542023647|10224215|1|26.9000|26.9000
D|542023647|10224216|1|26.9000|26.9000
D|542023647|10224233|1|26.9000|26.9000
D|542023647|10224234|1|26.9000|26.9000
D|542023647|10224235|1|26.9000|26.9000
D|542023647|10224236|1|26.9000|26.9000
D|542023647|10224333|1|26.9000|26.9000
D|542023647|10224334|1|26.9000|26.9000
D|542023647|10224335|1|26.9000|26.9000
D|542023647|10224336|1|26.9000|26.9000
D|542023647|10225211|2|7.3100|14.6200
D|542023647|10225212|2|7.3100|14.6200
D|542023647|10225213|2|7.3100|14.6200
D|542023647|10225231|2|7.3100|14.6200
D|542023647|10225232|2|7.3100|14.6200
D|542023647|10225233|2|7.3100|14.6200
D|542023647|10225261|2|7.3100|14.6200
D|542023647|10225262|2|7.3100|14.6200
D|542023647|10225263|2|7.3100|14.6200
D|542023647|10225281|6|7.3100|43.8600
D|542023647|10225282|6|7.3100|43.8600
D|542023647|10225283|6|7.3100|43.8600
D|542023647|10225331|2|7.3100|14.6200
D|542023647|10225332|2|7.3100|14.6200
D|542023647|10225333|2|7.3100|14.6200
D|542023647|10269021|2|28.0100|56.0200
D|542023647|10269022|2|28.0100|56.0200
D|542023647|10269023|2|28.0100|56.0200
D|542023647|10269024|2|28.0100|56.0200
D|542023647|10269031|2|28.0100|56.0200
D|542023647|10269032|2|28.0100|56.0200
D|542023647|10269033|2|28.0100|56.0200
D|542023647|10269034|2|28.0100|56.0200
D|542023647|10273281|6|7.9400|47.6400
D|542023647|10273282|6|7.9400|47.6400
D|542023647|10273283|6|7.9400|47.6400
D|542023647|10284031|2|45.0800|90.1600
D|542023647|10284032|2|45.0800|90.1600
D|542023647|10284033|2|45.0800|90.1600
D|542023647|10284034|2|45.0800|90.1600
D|542023647|10284621|2|45.0800|90.1600
D|542023647|10284622|2|45.0800|90.1600
D|542023647|10284623|2|45.0800|90.1600
D|542023647|10284624|2|45.0800|90.1600
D|542023647|10285031|2|40.9900|81.9800
D|542023647|10285032|2|40.9900|81.9800
D|542023647|10285033|2|40.9900|81.9800
D|542023647|10285034|2|40.9900|81.9800
D|542023647|10285621|2|40.9900|81.9800
D|542023647|10285622|2|40.9900|81.9800
D|542023647|10285623|2|40.9900|81.9800
D|542023647|10285624|2|40.9900|81.9800
D|542023647|10291281|4|11.7400|46.9600
D|542023647|10291282|4|11.7400|46.9600
D|542023647|10291283|4|11.7400|46.9600
D|542023647|10291811|4|11.7400|46.9600
D|542023647|10291812|4|11.7400|46.9600
D|542023647|10291813|4|11.7400|46.9600
D|542023647|10295011|2|6.8800|13.7600
D|542023647|10295012|2|6.8800|13.7600
D|542023647|10295013|2|6.8800|13.7600
D|542023647|10295031|2|6.8800|13.7600
D|542023647|10295032|2|6.8800|13.7600
D|542023647|10295033|2|6.8800|13.7600
D|542023647|10295101|2|6.8800|13.7600
D|542023647|10295102|2|6.8800|13.7600
D|542023647|10295103|2|6.8800|13.7600
D|542023647|10295801|2|6.8800|13.7600
D|542023647|10295802|2|6.8800|13.7600
D|542023647|10295803|2|6.8800|13.7600
D|542023647|10296281|6|8.8500|53.1000
D|542023647|10296282|6|8.8500|53.1000
D|542023647|10296283|6|8.8500|53.1000
D|542023647|10312031|1|62.3500|62.3500
D|542023647|10312032|1|62.3500|62.3500
D|542023647|10312033|1|62.3500|62.3500
D|542023647|10312034|1|62.3500|62.3500
D|542023647|10312621|1|62.3500|62.3500
D|542023647|10312622|1|62.3500|62.3500
D|542023647|10312623|1|62.3500|62.3500
D|542023647|10312624|1|62.3500|62.3500
D|542023647|10337013|1|27.8600|27.8600
D|542023647|10337014|1|27.8600|27.8600
D|542023647|10337015|1|27.8600|27.8600
D|542023647|10337016|1|27.8600|27.8600
D|542023647|10337033|1|27.8600|27.8600
D|542023647|10337034|1|27.8600|27.8600
D|542023647|10337035|1|27.8600|27.8600
D|542023647|10337036|1|27.8600|27.8600
D|542023647|10337803|1|27.8600|27.8600
D|542023647|10337804|1|27.8600|27.8600
D|542023647|10337805|1|27.8600|27.8600
D|542023647|10337806|1|27.8600|27.8600
D|542023647|10337813|1|27.8600|27.8600
D|542023647|10337814|1|27.8600|27.8600
D|542023647|10337815|1|27.8600|27.8600
D|542023647|10337816|1|27.8600|27.8600
D|542023647|10338011|2|9.9600|19.9200
D|542023647|10338012|2|9.9600|19.9200
D|542023647|10338013|2|9.9600|19.9200
D|542023647|10338031|2|9.9600|19.9200
D|542023647|10338032|2|9.9600|19.9200
D|542023647|10338033|2|9.9600|19.9200
D|542023647|10338801|2|9.9600|19.9200
D|542023647|10338802|2|9.9600|19.9200
D|542023647|10338803|2|9.9600|19.9200
D|542023647|10338811|2|9.9600|19.9200
D|542023647|10338812|2|9.9600|19.9200
D|542023647|10338813|2|9.9600|19.9200
D|542023647|10352011|1|16.5300|16.5300
D|542023647|10352012|2|16.5300|33.0600
D|542023647|10352013|2|16.5300|33.0600
D|542023647|10352014|2|16.5300|33.0600
D|542023647|10352031|1|16.5300|16.5300
D|542023647|10352032|2|16.5300|33.0600
D|542023647|10352033|2|16.5300|33.0600
D|542023647|10352034|2|16.5300|33.0600
D|542023647|10352621|1|16.5300|16.5300
D|542023647|10352622|2|16.5300|33.0600
D|542023647|10352623|2|16.5300|33.0600
D|542023647|10352624|2|16.5300|33.0600
D|542023647|10352801|1|16.5300|16.5300
D|542023647|10352802|2|16.5300|33.0600
D|542023647|10352803|2|16.5300|33.0600
D|542023647|10352804|2|16.5300|33.0600
D|542023647|10360013|1|28.8100|28.8100
D|542023647|10360014|1|28.8100|28.8100
D|542023647|10360015|1|28.8100|28.8100
D|542023647|10360016|1|28.8100|28.8100
D|542023647|10360033|1|28.8100|28.8100
D|542023647|10360034|1|28.8100|28.8100
D|542023647|10360035|1|28.8100|28.8100
D|542023647|10360036|1|28.8100|28.8100
D|542023647|10360623|1|28.8100|28.8100
D|542023647|10360624|1|28.8100|28.8100
D|542023647|10360625|1|28.8100|28.8100
D|542023647|10360626|1|28.8100|28.8100
D|542023647|10360803|1|28.8100|28.8100
D|542023647|10360804|1|28.8100|28.8100
D|542023647|10360805|1|28.8100|28.8100
D|542023647|10360806|1|28.8100|28.8100
D|542023647|10366011|2|9.3200|18.6400
D|542023647|10366012|2|9.3200|18.6400
D|542023647|10366013|2|9.3200|18.6400
D|542023647|10366031|2|9.3200|18.6400
D|542023647|10366032|2|9.3200|18.6400
D|542023647|10366033|2|9.3200|18.6400
D|542023647|10366621|2|9.3200|18.6400
D|542023647|10366622|2|9.3200|18.6400
D|542023647|10366623|2|9.3200|18.6400
D|542023647|10366801|2|9.3200|18.6400
D|542023647|10366802|2|9.3200|18.6400
D|542023647|10366803|2|9.3200|18.6400
D|542023647|10378031|2|28.5300|57.0600
D|542023647|10378032|2|28.5300|57.0600
D|542023647|10378033|2|28.5300|57.0600
D|542023647|10378036|1|28.5300|28.5300
D|542023647|10378451|2|28.5300|57.0600
D|542023647|10378452|2|28.5300|57.0600
D|542023647|10378453|2|28.5300|57.0600
D|542023647|10378456|1|28.5300|28.5300
D|542023647|10378621|2|28.5300|57.0600
D|542023647|10378622|2|28.5300|57.0600
D|542023647|10378623|2|28.5300|57.0600
D|542023647|10378626|1|28.5300|28.5300
D|542023647|10389011|2|9.5800|19.1600
D|542023647|10389012|2|9.5800|19.1600
D|542023647|10389013|2|9.5800|19.1600
D|542023647|10389031|2|9.5800|19.1600
D|542023647|10389032|2|9.5800|19.1600
D|542023647|10389033|2|9.5800|19.1600
D|542023647|10389471|2|9.5800|19.1600
D|542023647|10389472|2|9.5800|19.1600
D|542023647|10389473|2|9.5800|19.1600
D|542023647|10389621|2|9.5800|19.1600
D|542023647|10389622|2|9.5800|19.1600
D|542023647|10389623|2|9.5800|19.1600
D|542023648|10041281|2|6.6700|13.3400
D|542023648|10041282|6|6.6700|40.0200
D|542023648|10041283|3|6.6700|20.0100
D|542023648|10225211|1|7.3100|7.3100
D|542023648|10225212|2|7.3100|14.6200
D|542023648|10225213|1|7.3100|7.3100
D|542023648|10225231|1|7.3100|7.3100
D|542023648|10225232|2|7.3100|14.6200
D|542023648|10225233|1|7.3100|7.3100
D|542023648|10225261|1|7.3100|7.3100
D|542023648|10225262|2|7.3100|14.6200
D|542023648|10225263|1|7.3100|7.3100
D|542023648|10225331|1|7.3100|7.3100
D|542023648|10225332|2|7.3100|14.6200
D|542023648|10225333|1|7.3100|7.3100
D|542023648|10230031|1|16.6000|16.6000
D|542023648|10230032|3|16.6000|49.8000
D|542023648|10230033|2|16.6000|33.2000
D|542023648|10230621|1|16.6000|16.6000
D|542023648|10230622|3|16.6000|49.8000
D|542023648|10230623|2|16.6000|33.2000
D|542023648|10230801|1|16.6000|16.6000
D|542023648|10230802|2|16.6000|33.2000
D|542023648|10230803|1|16.6000|16.6000
D|542023648|10273031|1|7.9400|7.9400
D|542023648|10273032|3|7.9400|23.8200
D|542023648|10273033|2|7.9400|15.8800
D|542023648|10273041|1|7.9400|7.9400
D|542023648|10273042|3|7.9400|23.8200
D|542023648|10273043|2|7.9400|15.8800
D|542023648|10273281|1|7.9400|7.9400
D|542023648|10273282|6|7.9400|47.6400
D|542023648|10273283|3|7.9400|23.8200
D|542023648|10273551|1|7.9400|7.9400
D|542023648|10273552|3|7.9400|23.8200
D|542023648|10273553|2|7.9400|15.8800
D|542023648|10276011|1|7.4900|7.4900
D|542023648|10276012|2|7.4900|14.9800
D|542023648|10276013|1|7.4900|7.4900
D|542023648|10276031|1|7.4900|7.4900
D|542023648|10276032|4|7.4900|29.9600
D|542023648|10276033|3|7.4900|22.4700
D|542023648|10276601|1|7.4900|7.4900
D|542023648|10276602|3|7.4900|22.4700
D|542023648|10276603|2|7.4900|14.9800
D|542023648|10276621|1|7.4900|7.4900
D|542023648|10276622|4|7.4900|29.9600
D|542023648|10276623|3|7.4900|22.4700
D|542023648|10295031|2|6.8800|13.7600
D|542023648|10295032|3|6.8800|20.6400
D|542023648|10295033|1|6.8800|6.8800
D|542023648|10295101|2|6.8800|13.7600
D|542023648|10295102|3|6.8800|20.6400
D|542023648|10295103|1|6.8800|6.8800
D|542023648|10295801|2|6.8800|13.7600
D|542023648|10295802|3|6.8800|20.6400
D|542023648|10295803|1|6.8800|6.8800
D|542023648|10306121|1|8.4000|8.4000
D|542023648|10306122|3|8.4000|25.2000
D|542023648|10306123|2|8.4000|16.8000
D|542023648|10306601|1|8.4000|8.4000
D|542023648|10306602|3|8.4000|25.2000
D|542023648|10306603|2|8.4000|16.8000
D|542023648|10306811|1|8.4000|8.4000
D|542023648|10306812|3|8.4000|25.2000
D|542023648|10306813|2|8.4000|16.8000
D|542023648|10314032|3|8.1400|24.4200
D|542023648|10314033|1|8.1400|8.1400
D|542023648|10314122|3|8.1400|24.4200
D|542023648|10314123|1|8.1400|8.1400
D|542023648|10314602|3|8.1400|24.4200
D|542023648|10314603|1|8.1400|8.1400
D|542023648|10314802|3|8.1400|24.4200
D|542023648|10314803|1|8.1400|8.1400
D|542023648|10315031|1|10.3800|10.3800
D|542023648|10315032|3|10.3800|31.1400
D|542023648|10315033|2|10.3800|20.7600
D|542023648|10315621|1|10.3800|10.3800
D|542023648|10315622|3|10.3800|31.1400
D|542023648|10315623|2|10.3800|20.7600
D|542023648|10315801|1|10.3800|10.3800
D|542023648|10315802|3|10.3800|31.1400
D|542023648|10315803|2|10.3800|20.7600
D|542023648|10352031|1|16.5300|16.5300
D|542023648|10352032|3|16.5300|49.5900
D|542023648|10352033|2|16.5300|33.0600
D|542023648|10352621|1|16.5300|16.5300
D|542023648|10352622|3|16.5300|49.5900
D|542023648|10352623|2|16.5300|33.0600
D|542023648|10352801|1|16.5300|16.5300
D|542023648|10352802|2|16.5300|33.0600
D|542023648|10352803|1|16.5300|16.5300
D|542023648|10365011|1|8.6200|8.6200
D|542023648|10365012|2|8.6200|17.2400
D|542023648|10365013|1|8.6200|8.6200
D|542023648|10365031|1|8.6200|8.6200
D|542023648|10365032|3|8.6200|25.8600
D|542023648|10365033|2|8.6200|17.2400
D|542023648|10365621|1|8.6200|8.6200
D|542023648|10365622|3|8.6200|25.8600
D|542023648|10365623|2|8.6200|17.2400
D|542023648|10366011|1|9.3200|9.3200
D|542023648|10366012|2|9.3200|18.6400
D|542023648|10366013|1|9.3200|9.3200
D|542023648|10366031|1|9.3200|9.3200
D|542023648|10366032|3|9.3200|27.9600
D|542023648|10366033|2|9.3200|18.6400
D|542023648|10366621|1|9.3200|9.3200
D|542023648|10366622|3|9.3200|27.9600
D|542023648|10366623|2|9.3200|18.6400
D|542023648|10366801|1|9.3200|9.3200
D|542023648|10366802|3|9.3200|27.9600
D|542023648|10366803|2|9.3200|18.6400
D|542023648|10367011|1|10.2400|10.2400
D|542023648|10367012|3|10.2400|30.7200
D|542023648|10367013|2|10.2400|20.4800
D|542023648|10367031|1|10.2400|10.2400
D|542023648|10367032|3|10.2400|30.7200
D|542023648|10367033|2|10.2400|20.4800
D|542023648|10367551|1|10.2400|10.2400
D|542023648|10367552|3|10.2400|30.7200
D|542023648|10367553|2|10.2400|20.4800
D|542023648|10367621|1|10.2400|10.2400
D|542023648|10367622|3|10.2400|30.7200
D|542023648|10367623|2|10.2400|20.4800
D|542023648|10368031|1|9.3900|9.3900
D|542023648|10368032|3|9.3900|28.1700
D|542023648|10368033|2|9.3900|18.7800
D|542023648|10368551|1|9.3900|9.3900
D|542023648|10368552|3|9.3900|28.1700
D|542023648|10368553|2|9.3900|18.7800
D|542023648|10368621|1|9.3900|9.3900
D|542023648|10368622|3|9.3900|28.1700
D|542023648|10368623|2|9.3900|18.7800
D|542023648|10368802|3|9.3900|28.1700
D|542023648|10368803|1|9.3900|9.3900
D|542023648|10373031|1|22.2500|22.2500
D|542023648|10373032|2|22.2500|44.5000
D|542023648|10373033|1|22.2500|22.2500
D|542023648|10373621|1|22.2500|22.2500
D|542023648|10373622|3|22.2500|66.7500
D|542023648|10373623|1|22.2500|22.2500
D|542023648|10380031|1|6.9900|6.9900
D|542023648|10380032|2|6.9900|13.9800
D|542023648|10380033|1|6.9900|6.9900
D|542023648|10380041|1|6.9900|6.9900
D|542023648|10380042|3|6.9900|20.9700
D|542023648|10380043|2|6.9900|13.9800
D|542023648|10380551|1|6.9900|6.9900
D|542023648|10380552|3|6.9900|20.9700
D|542023648|10380553|1|6.9900|6.9900
D|542023648|10380621|1|6.9900|6.9900
D|542023648|10380622|3|6.9900|20.9700
D|542023648|10380623|2|6.9900|13.9800
D|542023648|10380811|1|6.9900|6.9900
D|542023648|10380812|3|6.9900|20.9700
D|542023648|10380813|1|6.9900|6.9900
D|542023648|10382162|3|8.9700|26.9100
D|542023648|10382163|2|8.9700|17.9400
D|542023648|10382372|3|8.9700|26.9100
D|542023648|10382373|2|8.9700|17.9400
D|542023648|10382382|3|8.9700|26.9100
D|542023648|10382383|2|8.9700|17.9400
D|542023648|10387012|2|9.1800|18.3600
D|542023648|10387013|1|9.1800|9.1800
D|542023648|10387031|1|9.1800|9.1800
D|542023648|10387032|3|9.1800|27.5400
D|542023648|10387033|2|9.1800|18.3600
D|542023648|10387471|1|9.1800|9.1800
D|542023648|10387472|3|9.1800|27.5400
D|542023648|10387473|2|9.1800|18.3600
D|542023648|10387621|1|9.1800|9.1800
D|542023648|10387622|3|9.1800|27.5400
D|542023648|10387623|2|9.1800|18.3600
D|542023648|10387801|1|9.1800|9.1800
D|542023648|10387802|2|9.1800|18.3600
D|542023648|10387803|1|9.1800|9.1800
D|542023648|10388162|3|6.9900|20.9700
D|542023648|10388163|2|6.9900|13.9800
D|542023648|10388372|3|6.9900|20.9700
D|542023648|10388373|2|6.9900|13.9800
D|542023648|10388382|3|6.9900|20.9700
D|542023648|10388383|2|6.9900|13.9800