F|2026-10-02|53
C|532023837|100525|05|precio9|30091.14|0.0000|30091.14|5416.41|35507.55|9|GENERADO|2026-10-02|53|0|0|0.0000
C|532023838|1011339|05|precio9|11567.58|0.0000|11567.58|2082.16|13649.74|10|GENERADO|2026-10-02|53|0|0|0.0000
D|532023837|10010011|6|5.7000|34.2000
D|532023837|10010031|6|5.7000|34.2000
D|532023837|10010032|24|5.7000|136.8000
D|532023837|10010033|12|5.7000|68.4000
D|532023837|10010041|6|5.7000|34.2000
D|532023837|10010042|12|5.7000|68.4000
D|532023837|10010043|12|5.7000|68.4000
D|532023837|10010261|6|5.7000|34.2000
D|532023837|10010262|6|5.7000|34.2000
D|532023837|10010263|6|5.7000|34.2000
D|532023837|10010291|6|5.7000|34.2000
D|532023837|10010292|6|5.7000|34.2000
D|532023837|10010293|6|5.7000|34.2000
D|532023837|10010621|6|5.7000|34.2000
D|532023837|10010622|12|5.7000|68.4000
D|532023837|10010623|12|5.7000|68.4000
D|532023837|10026011|18|5.4800|98.6400
D|532023837|10026012|24|5.4800|131.5200
D|532023837|10026021|6|5.4800|32.8800
D|532023837|10026022|12|5.4800|65.7600
D|532023837|10026023|12|5.4800|65.7600
D|532023837|10026031|18|5.4800|98.6400
D|532023837|10026032|42|5.4800|230.1600
D|532023837|10026033|24|5.4800|131.5200
D|532023837|10026102|6|5.4800|32.8800
D|532023837|10026471|6|5.4800|32.8800
D|532023837|10026472|12|5.4800|65.7600
D|532023837|10026473|12|5.4800|65.7600
D|532023837|10026551|6|5.4800|32.8800
D|532023837|10026552|12|5.4800|65.7600
D|532023837|10026553|12|5.4800|65.7600
D|532023837|10026621|6|5.4800|32.8800
D|532023837|10026622|12|5.4800|65.7600
D|532023837|10026623|12|5.4800|65.7600
D|532023837|10026801|6|5.4800|32.8800
D|532023837|10026802|12|5.4800|65.7600
D|532023837|10026803|12|5.4800|65.7600
D|532023837|10029012|24|7.8500|188.4000
D|532023837|10029013|24|7.8500|188.4000
D|532023837|10029014|24|7.8500|188.4000
D|532023837|10029022|12|7.8500|94.2000
D|532023837|10029023|12|7.8500|94.2000
D|532023837|10029024|12|7.8500|94.2000
D|532023837|10029032|24|7.8500|188.4000
D|532023837|10029033|24|7.8500|188.4000
D|532023837|10029034|24|7.8500|188.4000
D|532023837|10029092|12|7.8500|94.2000
D|532023837|10029093|12|7.8500|94.2000
D|532023837|10029094|12|7.8500|94.2000
D|532023837|10029451|12|7.8500|94.2000
D|532023837|10029452|12|7.8500|94.2000
D|532023837|10029453|12|7.8500|94.2000
D|532023837|10029454|12|7.8500|94.2000
D|532023837|10040011|12|6.7500|81.0000
D|532023837|10040012|24|6.7500|162.0000
D|532023837|10040013|12|6.7500|81.0000
D|532023837|10040031|12|6.7500|81.0000
D|532023837|10040032|24|6.7500|162.0000
D|532023837|10040033|24|6.7500|162.0000
D|532023837|10040101|6|6.7500|40.5000
D|532023837|10040102|12|6.7500|81.0000
D|532023837|10040103|12|6.7500|81.0000
D|532023837|10040471|12|6.7500|81.0000
D|532023837|10040472|12|6.7500|81.0000
D|532023837|10040473|12|6.7500|81.0000
D|532023837|10040551|6|6.7500|40.5000
D|532023837|10040552|12|6.7500|81.0000
D|532023837|10040553|12|6.7500|81.0000
D|532023837|10040621|12|6.7500|81.0000
D|532023837|10040622|12|6.7500|81.0000
D|532023837|10040623|12|6.7500|81.0000
D|532023837|10040801|6|6.7500|40.5000
D|532023837|10040802|12|6.7500|81.0000
D|532023837|10040803|12|6.7500|81.0000
D|532023837|10060012|24|8.9700|215.2800
D|532023837|10060013|24|8.9700|215.2800
D|532023837|10060014|24|8.9700|215.2800
D|532023837|10060023|24|8.9700|215.2800
D|532023837|10060024|24|8.9700|215.2800
D|532023837|10060032|24|8.9700|215.2800
D|532023837|10060033|24|8.9700|215.2800
D|532023837|10060034|24|8.9700|215.2800
D|532023837|10060291|12|8.9700|107.6400
D|532023837|10060292|12|8.9700|107.6400
D|532023837|10060293|12|8.9700|107.6400
D|532023837|10060294|12|8.9700|107.6400
D|532023837|10060451|12|8.9700|107.6400
D|532023837|10060452|12|8.9700|107.6400
D|532023837|10060453|24|8.9700|215.2800
D|532023837|10060454|24|8.9700|215.2800
D|532023837|10064012|6|6.5400|39.2400
D|532023837|10064032|6|6.5400|39.2400
D|532023837|10064622|6|6.5400|39.2400
D|532023837|10064802|6|6.5400|39.2400
D|532023837|10140011|12|6.0600|72.7200
D|532023837|10140031|12|6.0600|72.7200
D|532023837|10140071|6|6.0600|36.3600
D|532023837|10140072|6|6.0600|36.3600
D|532023837|10140073|6|6.0600|36.3600
D|532023837|10140102|6|6.0600|36.3600
D|532023837|10140471|12|6.0600|72.7200
D|532023837|10140472|6|6.0600|36.3600
D|532023837|10140473|12|6.0600|72.7200
D|532023837|10140622|6|6.0600|36.3600
D|532023837|10140623|6|6.0600|36.3600
D|532023837|10140803|6|6.0600|36.3600
D|532023837|10185011|6|7.2800|43.6800
D|532023837|10185013|12|7.2800|87.3600
D|532023837|10185041|12|7.2800|87.3600
D|532023837|10185042|12|7.2800|87.3600
D|532023837|10185043|12|7.2800|87.3600
D|532023837|10185091|6|7.2800|43.6800
D|532023837|10185093|6|7.2800|43.6800
D|532023837|10185121|6|7.2800|43.6800
D|532023837|10185123|6|7.2800|43.6800
D|532023837|10223011|6|7.2100|43.2600
D|532023837|10223012|12|7.2100|86.5200
D|532023837|10223013|12|7.2100|86.5200
D|532023837|10223031|6|7.2100|43.2600
D|532023837|10223032|12|7.2100|86.5200
D|532023837|10223033|12|7.2100|86.5200
D|532023837|10223431|6|7.2100|43.2600
D|532023837|10223432|6|7.2100|43.2600
D|532023837|10223433|12|7.2100|86.5200
D|532023837|10223551|6|7.2100|43.2600
D|532023837|10223552|6|7.2100|43.2600
D|532023837|10223553|12|7.2100|86.5200
D|532023837|10223802|6|7.2100|43.2600
D|532023837|10223803|6|7.2100|43.2600
D|532023837|10251561|6|7.6800|46.0800
D|532023837|10251562|24|7.6800|184.3200
D|532023837|10251563|12|7.6800|92.1600
D|532023837|10251641|6|7.6800|46.0800
D|532023837|10251642|12|7.6800|92.1600
D|532023837|10251643|6|7.6800|46.0800
D|532023837|10251651|6|7.6800|46.0800
D|532023837|10251652|24|7.6800|184.3200
D|532023837|10251653|12|7.6800|92.1600
D|532023837|10251661|6|7.6800|46.0800
D|532023837|10251662|24|7.6800|184.3200
D|532023837|10251663|12|7.6800|92.1600
D|532023837|10260012|12|11.2100|134.5200
D|532023837|10260013|24|11.2100|269.0400
D|532023837|10260014|12|11.2100|134.5200
D|532023837|10260602|12|11.2100|134.5200
D|532023837|10260603|12|11.2100|134.5200
D|532023837|10260604|12|11.2100|134.5200
D|532023837|10260622|12|11.2100|134.5200
D|532023837|10260623|24|11.2100|269.0400
D|532023837|10260624|24|11.2100|269.0400
D|532023837|10269022|12|28.0100|336.1200
D|532023837|10269023|12|28.0100|336.1200
D|532023837|10269024|12|28.0100|336.1200
D|532023837|10269032|6|28.0100|168.0600
D|532023837|10269033|12|28.0100|336.1200
D|532023837|10269034|12|28.0100|336.1200
D|532023837|10273011|6|7.9400|47.6400
D|532023837|10273012|12|7.9400|95.2800
D|532023837|10273031|12|7.9400|95.2800
D|532023837|10273032|12|7.9400|95.2800
D|532023837|10273041|12|7.9400|95.2800
D|532023837|10273042|12|7.9400|95.2800
D|532023837|10273431|12|7.9400|95.2800
D|532023837|10273432|12|7.9400|95.2800
D|532023837|10273433|12|7.9400|95.2800
D|532023837|10273551|12|7.9400|95.2800
D|532023837|10273552|12|7.9400|95.2800
D|532023837|10273553|12|7.9400|95.2800
D|532023837|10291011|6|11.7400|70.4400
D|532023837|10291012|24|11.7400|281.7600
D|532023837|10291013|12|11.7400|140.8800
D|532023837|10291031|6|11.7400|70.4400
D|532023837|10291032|24|11.7400|281.7600
D|532023837|10291033|12|11.7400|140.8800
D|532023837|10291801|6|11.7400|70.4400
D|532023837|10291802|12|11.7400|140.8800
D|532023837|10291803|12|11.7400|140.8800
D|532023837|10291811|6|11.7400|70.4400
D|532023837|10291812|12|11.7400|140.8800
D|532023837|10291813|12|11.7400|140.8800
D|532023837|10293552|3|8.6800|26.0400
D|532023837|10293621|12|8.6800|104.1600
D|532023837|10293622|24|8.6800|208.3200
D|532023837|10293623|12|8.6800|104.1600
D|532023837|10293812|3|8.6800|26.0400
D|532023837|10296031|12|8.8500|106.2000
D|532023837|10296032|12|8.8500|106.2000
D|532023837|10296033|12|8.8500|106.2000
D|532023837|10296101|6|8.8500|53.1000
D|532023837|10296102|12|8.8500|106.2000
D|532023837|10296103|12|8.8500|106.2000
D|532023837|10296441|6|8.8500|53.1000
D|532023837|10296442|6|8.8500|53.1000
D|532023837|10296443|3|8.8500|26.5500
D|532023837|10296801|12|8.8500|106.2000
D|532023837|10296802|12|8.8500|106.2000
D|532023837|10296803|3|8.8500|26.5500
D|532023837|10298011|12|8.3100|99.7200
D|532023837|10298012|12|8.3100|99.7200
D|532023837|10298013|12|8.3100|99.7200
D|532023837|10298031|12|8.3100|99.7200
D|532023837|10298032|12|8.3100|99.7200
D|532023837|10298033|12|8.3100|99.7200
D|532023837|10298552|6|8.3100|49.8600
D|532023837|10298553|6|8.3100|49.8600
D|532023837|10298812|6|8.3100|49.8600
D|532023837|10306032|12|8.4000|100.8000
D|532023837|10306033|12|8.4000|100.8000
D|532023837|10306602|12|8.4000|100.8000
D|532023837|10306603|12|8.4000|100.8000
D|532023837|10306801|6|8.4000|50.4000
D|532023837|10306802|12|8.4000|100.8000
D|532023837|10306803|12|8.4000|100.8000
D|532023837|10306812|12|8.4000|100.8000
D|532023837|10339031|3|39.2600|117.7800
D|532023837|10339032|6|39.2600|235.5600
D|532023837|10339621|3|39.2600|117.7800
D|532023837|10339622|6|39.2600|235.5600
D|532023837|10345012|12|11.0200|132.2400
D|532023837|10345013|12|11.0200|132.2400
D|532023837|10345032|24|11.0200|264.4800
D|532023837|10345033|24|11.0200|264.4800
D|532023837|10345622|24|11.0200|264.4800
D|532023837|10345623|24|11.0200|264.4800
D|532023837|10353622|12|18.6400|223.6800
D|532023837|10353624|12|18.6400|223.6800
D|532023837|10353802|12|18.6400|223.6800
D|532023837|10367011|6|10.2400|61.4400
D|532023837|10367012|6|10.2400|61.4400
D|532023837|10367031|6|10.2400|61.4400
D|532023837|10367032|6|10.2400|61.4400
D|532023837|10367551|6|10.2400|61.4400
D|532023837|10367621|6|10.2400|61.4400
D|532023837|10367622|12|10.2400|122.8800
D|532023837|10367623|12|10.2400|122.8800
D|532023837|10367624|12|10.2400|122.8800
D|532023837|10380012|12|6.9900|83.8800
D|532023837|10380031|12|6.9900|83.8800
D|532023837|10380032|24|6.9900|167.7600
D|532023837|10380033|12|6.9900|83.8800
D|532023837|10380041|6|6.9900|41.9400
D|532023837|10380042|12|6.9900|83.8800
D|532023837|10380043|6|6.9900|41.9400
D|532023837|10380551|6|6.9900|41.9400
D|532023837|10380552|12|6.9900|83.8800
D|532023837|10380553|12|6.9900|83.8800
D|532023837|10380621|6|6.9900|41.9400
D|532023837|10380622|12|6.9900|83.8800
D|532023837|10380623|6|6.9900|41.9400
D|532023837|10380811|6|6.9900|41.9400
D|532023837|10380812|12|6.9900|83.8800
D|532023837|10380813|6|6.9900|41.9400
D|532023837|10382162|12|8.9700|107.6400
D|532023837|10382163|12|8.9700|107.6400
D|532023837|10384131|6|9.6800|58.0800
D|532023837|10384132|12|9.6800|116.1600
D|532023837|10384133|12|9.6800|116.1600
D|532023837|10384134|3|9.6800|29.0400
D|532023837|10384161|12|9.6800|116.1600
D|532023837|10384162|12|9.6800|116.1600
D|532023837|10384163|12|9.6800|116.1600
D|532023837|10384164|6|9.6800|58.0800
D|532023837|10384371|12|9.6800|116.1600
D|532023837|10384372|12|9.6800|116.1600
D|532023837|10384373|12|9.6800|116.1600
D|532023837|10384374|6|9.6800|58.0800
D|532023837|10384381|12|9.6800|116.1600
D|532023837|10384382|12|9.6800|116.1600
D|532023837|10384383|12|9.6800|116.1600
D|532023837|10384384|3|9.6800|29.0400
D|532023837|10384391|3|9.6800|29.0400
D|532023837|10384392|12|9.6800|116.1600
D|532023837|10384393|12|9.6800|116.1600
D|532023837|10384394|3|9.6800|29.0400
D|532023837|10385013|12|9.7500|117.0000
D|532023837|10385031|6|9.7500|58.5000
D|532023837|10385032|6|9.7500|58.5000
D|532023837|10385033|12|9.7500|117.0000
D|532023837|10385472|12|9.7500|117.0000
D|532023837|10385473|12|9.7500|117.0000
D|532023837|10385621|12|9.7500|117.0000
D|532023837|10385622|12|9.7500|117.0000
D|532023837|10385623|12|9.7500|117.0000
D|532023837|10385801|6|9.7500|58.5000
D|532023837|10385802|12|9.7500|117.0000
D|532023837|10385803|12|9.7500|117.0000
D|532023837|10387013|6|9.1800|55.0800
D|532023837|10387033|12|9.1800|110.1600
D|532023837|10387471|6|9.1800|55.0800
D|532023837|10387472|6|9.1800|55.0800
D|532023837|10387473|12|9.1800|110.1600
D|532023837|10387621|6|9.1800|55.0800
D|532023837|10387622|6|9.1800|55.0800
D|532023837|10387623|6|9.1800|55.0800
D|532023837|10387801|6|9.1800|55.0800
D|532023837|10387802|6|9.1800|55.0800
D|532023837|10387803|6|9.1800|55.0800
D|532023838|10010011|3|5.7000|17.1000
D|532023838|10010012|4|5.7000|22.8000
D|532023838|10010013|4|5.7000|22.8000
D|532023838|10010031|3|5.7000|17.1000
D|532023838|10010032|4|5.7000|22.8000
D|532023838|10010033|4|5.7000|22.8000
D|532023838|10010042|4|5.7000|22.8000
D|532023838|10010043|4|5.7000|22.8000
D|532023838|10010621|3|5.7000|17.1000
D|532023838|10010622|4|5.7000|22.8000
D|532023838|10026011|4|5.4800|21.9200
D|532023838|10026012|6|5.4800|32.8800
D|532023838|10026021|4|5.4800|21.9200
D|532023838|10026022|4|5.4800|21.9200
D|532023838|10026031|4|5.4800|21.9200
D|532023838|10026032|6|5.4800|32.8800
D|532023838|10026033|6|5.4800|32.8800
D|532023838|10026471|4|5.4800|21.9200
D|532023838|10026472|4|5.4800|21.9200
D|532023838|10026473|4|5.4800|21.9200
D|532023838|10026551|4|5.4800|21.9200
D|532023838|10026552|6|5.4800|32.8800
D|532023838|10026621|4|5.4800|21.9200
D|532023838|10026622|6|5.4800|32.8800
D|532023838|10026623|6|5.4800|32.8800
D|532023838|10026801|4|5.4800|21.9200
D|532023838|10026802|6|5.4800|32.8800
D|532023838|10040011|3|6.7500|20.2500
D|532023838|10040012|3|6.7500|20.2500
D|532023838|10040031|6|6.7500|40.5000
D|532023838|10040032|4|6.7500|27.0000
D|532023838|10040033|4|6.7500|27.0000
D|532023838|10040471|3|6.7500|20.2500
D|532023838|10040472|3|6.7500|20.2500
D|532023838|10040473|3|6.7500|20.2500
D|532023838|10040551|2|6.7500|13.5000
D|532023838|10040552|4|6.7500|27.0000
D|532023838|10040553|3|6.7500|20.2500
D|532023838|10040621|2|6.7500|13.5000
D|532023838|10040622|3|6.7500|20.2500
D|532023838|10040801|2|6.7500|13.5000
D|532023838|10040802|3|6.7500|20.2500
D|532023838|10041011|4|6.6700|26.6800
D|532023838|10041012|3|6.6700|20.0100
D|532023838|10041013|4|6.6700|26.6800
D|532023838|10041021|4|6.6700|26.6800
D|532023838|10041022|3|6.6700|20.0100
D|532023838|10041031|4|6.6700|26.6800
D|532023838|10041032|3|6.6700|20.0100
D|532023838|10041091|4|6.6700|26.6800
D|532023838|10041092|3|6.6700|20.0100
D|532023838|10041801|4|6.6700|26.6800
D|532023838|10041802|3|6.6700|20.0100
D|532023838|10051012|4|5.9700|23.8800
D|532023838|10051013|4|5.9700|23.8800
D|532023838|10051032|4|5.9700|23.8800
D|532023838|10051033|4|5.9700|23.8800
D|532023838|10051222|3|5.9700|17.9100
D|532023838|10051223|3|5.9700|17.9100
D|532023838|10051432|4|5.9700|23.8800
D|532023838|10051433|4|5.9700|23.8800
D|532023838|10051562|4|5.9700|23.8800
D|532023838|10051563|4|5.9700|23.8800
D|532023838|10051642|2|5.9700|11.9400
D|532023838|10051643|2|5.9700|11.9400
D|532023838|10051662|3|5.9700|17.9100
D|532023838|10051663|3|5.9700|17.9100
D|532023838|10054013|1|25.1600|25.1600
D|532023838|10054014|1|25.1600|25.1600
D|532023838|10054015|2|25.1600|50.3200
D|532023838|10054016|1|25.1600|25.1600
D|532023838|10054033|1|25.1600|25.1600
D|532023838|10054034|1|25.1600|25.1600
D|532023838|10054035|2|25.1600|50.3200
D|532023838|10054036|1|25.1600|25.1600
D|532023838|10054473|1|25.1600|25.1600
D|532023838|10054474|1|25.1600|25.1600
D|532023838|10054475|2|25.1600|50.3200
D|532023838|10054476|1|25.1600|25.1600
D|532023838|10054623|1|25.1600|25.1600
D|532023838|10054624|1|25.1600|25.1600
D|532023838|10054625|2|25.1600|50.3200
D|532023838|10054626|1|25.1600|25.1600
D|532023838|10054803|1|25.1600|25.1600
D|532023838|10054804|1|25.1600|25.1600
D|532023838|10054805|2|25.1600|50.3200
D|532023838|10054806|1|25.1600|25.1600
D|532023838|10056015|2|25.1600|50.3200
D|532023838|10056033|1|25.1600|25.1600
D|532023838|10056034|3|25.1600|75.4800
D|532023838|10056035|3|25.1600|75.4800
D|532023838|10056473|1|25.1600|25.1600
D|532023838|10056474|3|25.1600|75.4800
D|532023838|10056475|4|25.1600|100.6400
D|532023838|10056553|1|25.1600|25.1600
D|532023838|10056554|3|25.1600|75.4800
D|532023838|10056555|4|25.1600|100.6400
D|532023838|10056623|1|25.1600|25.1600
D|532023838|10056624|3|25.1600|75.4800
D|532023838|10056625|2|25.1600|50.3200
D|532023838|10056803|1|25.1600|25.1600
D|532023838|10056804|3|25.1600|75.4800
D|532023838|10056805|3|25.1600|75.4800
D|532023838|10064011|3|6.5400|19.6200
D|532023838|10064012|4|6.5400|26.1600
D|532023838|10064013|3|6.5400|19.6200
D|532023838|10064031|3|6.5400|19.6200
D|532023838|10064032|2|6.5400|13.0800
D|532023838|10064221|3|6.5400|19.6200
D|532023838|10064222|4|6.5400|26.1600
D|532023838|10064223|3|6.5400|19.6200
D|532023838|10064621|3|6.5400|19.6200
D|532023838|10064622|4|6.5400|26.1600
D|532023838|10064801|3|6.5400|19.6200
D|532023838|10064802|4|6.5400|26.1600
D|532023838|10069031|3|7.9400|23.8200
D|532023838|10069032|4|7.9400|31.7600
D|532023838|10069211|3|7.9400|23.8200
D|532023838|10069212|4|7.9400|31.7600
D|532023838|10069471|3|7.9400|23.8200
D|532023838|10069472|3|7.9400|23.8200
D|532023838|10069473|3|7.9400|23.8200
D|532023838|10069551|3|7.9400|23.8200
D|532023838|10069552|4|7.9400|31.7600
D|532023838|10069621|3|7.9400|23.8200
D|532023838|10069622|4|7.9400|31.7600
D|532023838|10071014|1|41.0000|41.0000
D|532023838|10071015|2|41.0000|82.0000
D|532023838|10071034|1|41.0000|41.0000
D|532023838|10071035|2|41.0000|82.0000
D|532023838|10071036|2|41.0000|82.0000
D|532023838|10071104|1|41.0000|41.0000
D|532023838|10071805|1|41.0000|41.0000
D|532023838|10140012|4|6.0600|24.2400
D|532023838|10140031|3|6.0600|18.1800
D|532023838|10140032|6|6.0600|36.3600
D|532023838|10140471|3|6.0600|18.1800
D|532023838|10140472|4|6.0600|24.2400
D|532023838|10140473|3|6.0600|18.1800
D|532023838|10140621|3|6.0600|18.1800
D|532023838|10140622|4|6.0600|24.2400
D|532023838|10140623|3|6.0600|18.1800
D|532023838|10140803|3|6.0600|18.1800
D|532023838|10185011|2|7.2800|14.5600
D|532023838|10185041|2|7.2800|14.5600
D|532023838|10185042|4|7.2800|29.1200
D|532023838|10185091|2|7.2800|14.5600
D|532023838|10185092|4|7.2800|29.1200
D|532023838|10185121|2|7.2800|14.5600
D|532023838|10185122|4|7.2800|29.1200
D|532023838|10197021|1|21.1900|21.1900
D|532023838|10197022|3|21.1900|63.5700
D|532023838|10197031|1|21.1900|21.1900
D|532023838|10197032|3|21.1900|63.5700
D|532023838|10197033|1|21.1900|21.1900
D|532023838|10197034|1|21.1900|21.1900
D|532023838|10201011|3|7.1900|21.5700
D|532023838|10201012|6|7.1900|43.1400
D|532023838|10201041|3|7.1900|21.5700
D|532023838|10201042|6|7.1900|43.1400
D|532023838|10201043|2|7.1900|14.3800
D|532023838|10201091|3|7.1900|21.5700
D|532023838|10201092|6|7.1900|43.1400
D|532023838|10201121|3|7.1900|21.5700
D|532023838|10201122|6|7.1900|43.1400
D|532023838|10203012|2|7.0300|14.0600
D|532023838|10203013|3|7.0300|21.0900
D|532023838|10203032|2|7.0300|14.0600
D|532023838|10203033|3|7.0300|21.0900
D|532023838|10203561|3|7.0300|21.0900
D|532023838|10203562|4|7.0300|28.1200
D|532023838|10203563|3|7.0300|21.0900
D|532023838|10203661|3|7.0300|21.0900
D|532023838|10203662|4|7.0300|28.1200
D|532023838|10203663|3|7.0300|21.0900
D|532023838|10213022|2|21.1900|42.3800
D|532023838|10213023|2|21.1900|42.3800
D|532023838|10213032|2|21.1900|42.3800
D|532023838|10213033|2|21.1900|42.3800
D|532023838|10219012|2|7.1000|14.2000
D|532023838|10219032|2|7.1000|14.2000
D|532023838|10219033|2|7.1000|14.2000
D|532023838|10219211|3|7.1000|21.3000
D|532023838|10219212|2|7.1000|14.2000
D|532023838|10219213|2|7.1000|14.2000
D|532023838|10219551|3|7.1000|21.3000
D|532023838|10219552|2|7.1000|14.2000
D|532023838|10219553|2|7.1000|14.2000
D|532023838|10223012|3|7.2100|21.6300
D|532023838|10223013|3|7.2100|21.6300
D|532023838|10223032|3|7.2100|21.6300
D|532023838|10223552|3|7.2100|21.6300
D|532023838|10223553|3|7.2100|21.6300
D|532023838|10223802|3|7.2100|21.6300
D|532023838|10223803|3|7.2100|21.6300
D|532023838|10225211|2|7.3100|14.6200
D|532023838|10225212|3|7.3100|21.9300
D|532023838|10225331|2|7.3100|14.6200
D|532023838|10225332|3|7.3100|21.9300
D|532023838|10225333|3|7.3100|21.9300
D|532023838|10260012|4|11.2100|44.8400
D|532023838|10260013|4|11.2100|44.8400
D|532023838|10260014|2|11.2100|22.4200
D|532023838|10260602|4|11.2100|44.8400
D|532023838|10260603|4|11.2100|44.8400
D|532023838|10260604|2|11.2100|22.4200
D|532023838|10260622|4|11.2100|44.8400
D|532023838|10260623|4|11.2100|44.8400
D|532023838|10260624|2|11.2100|22.4200
D|532023838|10261014|1|23.3100|23.3100
D|532023838|10261015|2|23.3100|46.6200
D|532023838|10261016|3|23.3100|69.9300
D|532023838|10261017|2|23.3100|46.6200
D|532023838|10261625|2|23.3100|46.6200
D|532023838|10261626|3|23.3100|69.9300
D|532023838|10261627|2|23.3100|46.6200
D|532023838|10269021|2|28.0100|56.0200
D|532023838|10269022|2|28.0100|56.0200
D|532023838|10269023|2|28.0100|56.0200
D|532023838|10269031|2|28.0100|56.0200
D|532023838|10269032|2|28.0100|56.0200
D|532023838|10269033|2|28.0100|56.0200
D|532023838|10285031|2|40.9900|81.9800
D|532023838|10285033|1|40.9900|40.9900
D|532023838|10285621|1|40.9900|40.9900
D|532023838|10285622|1|40.9900|40.9900
D|532023838|10290013|2|28.4600|56.9200
D|532023838|10290014|2|28.4600|56.9200
D|532023838|10290015|3|28.4600|85.3800
D|532023838|10290016|3|28.4600|85.3800
D|532023838|10290033|2|28.4600|56.9200
D|532023838|10290034|2|28.4600|56.9200
D|532023838|10290035|3|28.4600|85.3800
D|532023838|10290036|3|28.4600|85.3800
D|532023838|10290803|2|28.4600|56.9200
D|532023838|10290804|2|28.4600|56.9200
D|532023838|10290805|3|28.4600|85.3800
D|532023838|10290806|2|28.4600|56.9200
D|532023838|10290813|1|28.4600|28.4600
D|532023838|10290814|1|28.4600|28.4600
D|532023838|10290815|2|28.4600|56.9200
D|532023838|10290816|2|28.4600|56.9200
D|532023838|10295011|4|6.8800|27.5200
D|532023838|10295012|6|6.8800|41.2800
D|532023838|10295013|3|6.8800|20.6400
D|532023838|10295031|4|6.8800|27.5200
D|532023838|10295032|6|6.8800|41.2800
D|532023838|10295033|3|6.8800|20.6400
D|532023838|10295102|6|6.8800|41.2800
D|532023838|10295103|3|6.8800|20.6400
D|532023838|10295801|4|6.8800|27.5200
D|532023838|10295802|6|6.8800|41.2800
D|532023838|10295803|3|6.8800|20.6400
D|532023838|10306031|4|8.4000|33.6000
D|532023838|10306032|6|8.4000|50.4000
D|532023838|10306121|4|8.4000|33.6000
D|532023838|10306122|6|8.4000|50.4000
D|532023838|10306601|4|8.4000|33.6000
D|532023838|10306602|6|8.4000|50.4000
D|532023838|10306801|4|8.4000|33.6000
D|532023838|10306802|6|8.4000|50.4000
D|532023838|10306811|1|8.4000|8.4000
D|532023838|10306812|1|8.4000|8.4000
D|532023838|10306813|1|8.4000|8.4000
D|532023838|10310032|2|70.1200|140.2400
D|532023838|10310034|2|70.1200|140.2400
D|532023838|10310451|2|70.1200|140.2400
D|532023838|10310452|2|70.1200|140.2400
D|532023838|10310453|2|70.1200|140.2400
D|532023838|10310454|2|70.1200|140.2400
D|532023838|10310622|2|70.1200|140.2400
D|532023838|10311031|1|57.4600|57.4600
D|532023838|10311032|1|57.4600|57.4600
D|532023838|10311033|1|57.4600|57.4600
D|532023838|10311034|1|57.4600|57.4600
D|532023838|10311035|1|57.4600|57.4600
D|532023838|10311622|1|57.4600|57.4600
D|532023838|10311623|1|57.4600|57.4600
D|532023838|10311624|1|57.4600|57.4600
D|532023838|10311625|1|57.4600|57.4600
D|532023838|10312031|1|62.3500|62.3500
D|532023838|10312032|1|62.3500|62.3500
D|532023838|10312621|1|62.3500|62.3500
D|532023838|10312622|1|62.3500|62.3500
D|532023838|10312623|1|62.3500|62.3500
D|532023838|10314031|2|8.1400|16.2800
D|532023838|10314032|3|8.1400|24.4200
D|532023838|10314121|2|8.1400|16.2800
D|532023838|10314122|3|8.1400|24.4200
D|532023838|10314601|1|8.1400|8.1400
D|532023838|10314602|3|8.1400|24.4200
D|532023838|10314801|2|8.1400|16.2800
D|532023838|10314802|3|8.1400|24.4200
D|532023838|10372014|1|31.7800|31.7800
D|532023838|10372015|2|31.7800|63.5600
D|532023838|10372016|2|31.7800|63.5600
D|532023838|10372017|1|31.7800|31.7800
D|532023838|10372034|1|31.7800|31.7800
D|532023838|10372036|2|31.7800|63.5600
D|532023838|10372037|1|31.7800|31.7800
D|532023838|10372624|1|31.7800|31.7800
D|532023838|10372625|2|31.7800|63.5600
D|532023838|10380012|2|6.9900|13.9800
D|532023838|10380032|2|6.9900|13.9800
D|532023838|10380042|2|6.9900|13.9800
D|532023838|10380552|2|6.9900|13.9800
D|532023838|10380622|2|6.9900|13.9800
D|532023838|10380812|2|6.9900|13.9800
D|532023838|10389011|3|9.5800|28.7400
D|532023838|10389012|6|9.5800|57.4800
D|532023838|10389013|4|9.5800|38.3200
D|532023838|10389031|3|9.5800|28.7400
D|532023838|10389032|6|9.5800|57.4800
D|532023838|10389033|4|9.5800|38.3200
D|532023838|10389471|3|9.5800|28.7400
D|532023838|10389472|6|9.5800|57.4800
D|532023838|10389473|4|9.5800|38.3200
D|532023838|10389621|3|9.5800|28.7400
D|532023838|10389622|6|9.5800|57.4800
D|532023838|10389623|4|9.5800|38.3200